2theta,Intensity
10,4
10.02,6
10.04,5
10.06,4
10.08,3
10.1,3
10.12,4
10.14,3
10.16,3
10.18,6
10.2,5
10.22,4
10.24,5
10.26,4
10.28,5
10.3,6
10.32,7
10.34,6
10.36,5
10.38,3
10.4,5
10.42,4
10.44,3
10.46,5
10.48,7
10.5,7
10.52,7
10.54,7
10.56,5
10.58,3
10.6,4
10.62,6
10.64,5
10.66,3
10.68,6
10.7,7
10.72,8
10.74,8
10.76,8
10.78,7
10.8,4
10.82,4
10.84,3
10.86,3
10.88,4
10.9,5
10.92,7
10.94,5
10.96,7
10.98,7
11,4
11.02,5
11.04,6
11.06,5
11.08,4
11.1,4
11.12,6
11.14,7
11.16,4
11.18,6
11.2,9
11.22,9
11.24,3
11.26,1
11.28,4
11.3,7
11.32,5
11.34,3
11.36,4
11.38,5
11.4,6
11.42,6
11.44,5
11.46,5
11.48,4
11.5,6
11.52,9
11.54,9
11.56,6
11.58,9
11.6,6
11.62,5
11.64,8
11.66,4
11.68,5
11.7,5
11.72,5
11.74,9
11.76,10
11.78,4
11.8,5
11.82,5
11.84,4
11.86,6
11.88,4
11.9,9
11.92,9
11.94,3
11.96,4
11.98,4
12,7
12.02,8
12.04,7
12.06,6
12.08,4
12.1,3
12.12,4
12.14,6
12.16,8
12.18,8
12.2,6
12.22,6
12.24,4
12.26,6
12.28,7
12.3,7
12.32,9
12.34,9
12.36,4
12.38,4
12.4,6
12.42,7
12.44,7
12.46,5
12.48,7
12.5,8
12.52,6
12.54,3
12.56,5
12.58,7
12.6,6
12.62,4
12.64,6
12.66,4
12.68,8
12.7,6
12.72,7
12.74,5
12.76,6
12.78,3
12.8,5
12.82,6
12.84,4
12.86,4
12.88,3
12.9,1
12.92,4
12.94,7
12.96,4
12.98,2
13,4
13.02,7
13.04,6
13.06,5
13.08,4
13.1,6
13.12,5
13.14,5
13.16,4
13.18,4
13.2,4
13.22,3
13.24,8
13.26,6
13.28,5
13.3,8
13.32,3
13.34,5
13.36,5
13.38,4
13.4,5
13.42,2
13.44,3
13.46,6
13.48,5
13.5,7
13.52,4
13.54,6
13.56,7
13.58,5
13.6,4
13.62,10
13.64,6
13.66,3
13.68,2
13.7,6
13.72,8
13.74,4
13.76,4
13.78,5
13.8,6
13.82,3
13.84,3
13.86,3
13.88,4
13.9,3
13.92,5
13.94,4
13.96,8
13.98,7
14,7
14.02,4
14.04,7
14.06,3
14.08,5
14.1,8
14.12,4
14.14,4
14.16,3
14.18,8
14.2,7
14.22,1
14.24,4
14.26,6
14.28,5
14.3,7
14.32,5
14.34,3
14.36,6
14.38,6
14.4,4
14.42,5
14.44,4
14.46,6
14.48,3
14.5,5
14.52,6
14.54,7
14.56,2
14.58,4
14.6,8
14.62,5
14.64,6
14.66,5
14.68,6
14.7,9
14.72,7
14.74,4
14.76,5
14.78,12
14.8,10
14.82,6
14.84,5
14.86,6
14.88,6
14.9,7
14.92,6
14.94,3
14.96,12
14.98,4
15,6
15.02,8
15.04,5
15.06,4
15.08,5
15.1,6
15.12,7
15.14,5
15.16,5
15.18,5
15.2,3
15.22,3
15.24,8
15.26,7
15.28,3
15.3,6
15.32,6
15.34,4
15.36,5
15.38,6
15.4,6
15.42,7
15.44,2
15.46,5
15.48,7
15.5,2
15.52,3
15.54,7
15.56,10
15.58,2
15.6,8
15.62,2
15.64,5
15.66,7
15.68,6
15.7,9
15.72,5
15.74,9
15.76,7
15.78,4
15.8,5
15.82,9
15.84,8
15.86,9
15.88,7
15.9,4
15.92,9
15.94,3
15.96,6
15.98,3
16,5
16.02,6
16.04,5
16.06,4
16.08,8
16.1,8
16.12,6
16.14,9
16.16,9
16.18,5
16.2,3
16.22,9
16.24,6
16.26,3
16.28,7
16.3,7
16.32,10
16.34,7
16.36,9
16.38,6
16.4,8
16.42,5
16.44,7
16.46,5
16.48,5
16.5,6
16.52,3
16.54,8
16.56,6
16.58,2
16.6,3
16.62,5
16.64,4
16.66,1
16.68,3
16.7,7
16.72,3
16.74,5
16.76,3
16.78,7
16.8,4
16.82,5
16.84,9
16.86,7
16.88,4
16.9,5
16.92,4
16.94,3
16.96,7
16.98,7
17,5
17.02,6
17.04,8
17.06,7
17.08,5
17.1,5
17.12,9
17.14,8
17.16,8
17.18,5
17.2,7
17.22,6
17.24,7
17.26,9
17.28,9
17.3,6
17.32,5
17.34,8
17.36,7
17.38,5
17.4,5
17.42,7
17.44,7
17.46,8
17.48,6
17.5,8
17.52,7
17.54,7
17.56,6
17.58,4
17.6,8
17.62,4
17.64,11
17.66,11
17.68,11
17.7,9
17.72,12
17.74,12
17.76,15
17.78,11
17.8,12
17.82,10
17.84,17
17.86,21
17.88,26
17.9,26
17.92,34
17.94,48
17.96,54
17.98,52
18,55
18.02,62
18.04,60
18.06,67
18.08,68
18.1,67
18.12,53
18.14,45
18.16,38
18.18,29
18.2,22
18.22,12
18.24,15
18.26,12
18.28,9
18.3,13
18.32,12
18.34,11
18.36,9
18.38,7
18.4,10
18.42,6
18.44,4
18.46,7
18.48,4
18.5,5
18.52,7
18.54,7
18.56,4
18.58,6
18.6,5
18.62,5
18.64,7
18.66,6
18.68,7
18.7,7
18.72,8
18.74,11
18.76,7
18.78,4
18.8,5
18.82,6
18.84,4
18.86,4
18.88,5
18.9,7
18.92,7
18.94,6
18.96,5
18.98,5
19,6
19.02,6
19.04,7
19.06,7
19.08,5
19.1,7
19.12,6
19.14,5
19.16,7
19.18,8
19.2,10
19.22,5
19.24,5
19.26,4
19.28,2
19.3,4
19.32,7
19.34,6
19.36,4
19.38,4
19.4,6
19.42,5
19.44,4
19.46,6
19.48,5
19.5,5
19.52,8
19.54,7
19.56,6
19.58,5
19.6,4
19.62,4
19.64,6
19.66,6
19.68,5
19.7,4
19.72,5
19.74,5
19.76,4
19.78,5
19.8,4
19.82,5
19.84,5
19.86,6
19.88,8
19.9,6
19.92,3
19.94,4
19.96,5
19.98,8
20,7
20.02,5
20.04,6
20.06,6
20.08,6
20.1,9
20.12,8
20.14,6
20.16,8
20.18,9
20.2,7
20.22,4
20.24,6
20.26,5
20.28,5
20.3,4
20.32,7
20.34,9
20.36,6
20.38,5
20.4,5
20.42,4
20.44,6
20.46,7
20.48,5
20.5,5
20.52,6
20.54,7
20.56,5
20.58,5
20.6,4
20.62,4
20.64,5
20.66,6
20.68,6
20.7,6
20.72,5
20.74,4
20.76,7
20.78,11
20.8,9
20.82,7
20.84,9
20.86,5
20.88,5
20.9,8
20.92,7
20.94,6
20.96,7
20.98,6
21,3
21.02,4
21.04,5
21.06,6
21.08,7
21.1,5
21.12,5
21.14,6
21.16,8
21.18,7
21.2,6
21.22,7
21.24,5
21.26,7
21.28,10
21.3,10
21.32,8
21.34,10
21.36,12
21.38,10
21.4,11
21.42,11
21.44,10
21.46,10
21.48,11
21.5,10
21.52,7
21.54,7
21.56,7
21.58,8
21.6,10
21.62,7
21.64,6
21.66,7
21.68,8
21.7,8
21.72,7
21.74,8
21.76,6
21.78,7
21.8,8
21.82,5
21.84,8
21.86,7
21.88,5
21.9,5
21.92,6
21.94,6
21.96,8
21.98,6
22,6
22.02,8
22.04,9
22.06,10
22.08,9
22.1,4
22.12,4
22.14,6
22.16,5
22.18,5
22.2,5
22.22,4
22.24,7
22.26,9
22.28,4
22.3,4
22.32,5
22.34,6
22.36,5
22.38,4
22.4,4
22.42,4
22.44,7
22.46,7
22.48,6
22.5,4
22.52,2
22.54,2
22.56,4
22.58,6
22.6,8
22.62,4
22.64,7
22.66,6
22.68,4
22.7,8
22.72,10
22.74,10
22.76,10
22.78,11
22.8,17
22.82,20
22.84,20
22.86,29
22.88,24
22.9,31
22.92,39
22.94,47
22.96,38
22.98,43
23,37
23.02,33
23.04,28
23.06,20
23.08,25
23.1,17
23.12,9
23.14,10
23.16,10
23.18,9
23.2,4
23.22,4
23.24,7
23.26,7
23.28,6
23.3,7
23.32,4
23.34,9
23.36,5
23.38,4
23.4,6
23.42,6
23.44,9
23.46,7
23.48,7
23.5,7
23.52,4
23.54,6
23.56,8
23.58,5
23.6,6
23.62,6
23.64,7
23.66,7
23.68,6
23.7,4
23.72,5
23.74,10
23.76,6
23.78,10
23.8,9
23.82,6
23.84,5
23.86,4
23.88,4
23.9,6
23.92,7
23.94,8
23.96,7
23.98,6
24,6
24.02,4
24.04,4
24.06,9
24.08,8
24.1,7
24.12,6
24.14,7
24.16,10
24.18,12
24.2,11
24.22,11
24.24,17
24.26,12
24.28,15
24.3,20
24.32,24
24.34,19
24.36,15
24.38,9
24.4,13
24.42,13
24.44,17
24.46,24
24.48,21
24.5,24
24.52,26
24.54,26
24.56,17
24.58,22
24.6,23
24.62,23
24.64,30
24.66,34
24.68,26
24.7,34
24.72,39
24.74,34
24.76,30
24.78,35
24.8,28
24.82,23
24.84,21
24.86,17
24.88,13
24.9,16
24.92,12
24.94,9
24.96,5
24.98,8
25,7
25.02,2
25.04,8
25.06,11
25.08,12
25.1,5
25.12,9
25.14,6
25.16,6
25.18,8
25.2,8
25.22,8
25.24,11
25.26,11
25.28,12
25.3,5
25.32,10
25.34,14
25.36,15
25.38,18
25.4,27
25.42,25
25.44,29
25.46,36
25.48,40
25.5,41
25.52,47
25.54,49
25.56,55
25.58,46
25.6,58
25.62,48
25.64,44
25.66,37
25.68,34
25.7,31
25.72,27
25.74,23
25.76,20
25.78,18
25.8,29
25.82,28
25.84,33
25.86,25
25.88,29
25.9,41
25.92,43
25.94,55
25.96,47
25.98,40
26,35
26.02,19
26.04,22
26.06,13
26.08,12
26.1,9
26.12,10
26.14,10
26.16,10
26.18,7
26.2,13
26.22,5
26.24,9
26.26,7
26.28,6
26.3,12
26.32,7
26.34,4
26.36,8
26.38,7
26.4,6
26.42,7
26.44,5
26.46,5
26.48,7
26.5,8
26.52,5
26.54,4
26.56,7
26.58,6
26.6,5
26.62,7
26.64,3
26.66,7
26.68,6
26.7,9
26.72,5
26.74,7
26.76,9
26.78,8
26.8,7
26.82,6
26.84,2
26.86,8
26.88,7
26.9,10
26.92,3
26.94,6
26.96,7
26.98,3
27,8
27.02,6
27.04,4
27.06,6
27.08,5
27.1,4
27.12,8
27.14,2
27.16,12
27.18,8
27.2,7
27.22,12
27.24,9
27.26,12
27.28,16
27.3,6
27.32,9
27.34,8
27.36,9
27.38,7
27.4,14
27.42,14
27.44,19
27.46,18
27.48,22
27.5,19
27.52,25
27.54,37
27.56,43
27.58,58
27.6,57
27.62,87
27.64,75
27.66,107
27.68,109
27.7,138
27.72,157
27.74,165
27.76,156
27.78,126
27.8,123
27.82,101
27.84,82
27.86,61
27.88,47
27.9,31
27.92,30
27.94,27
27.96,21
27.98,16
28,10
28.02,15
28.04,15
28.06,11
28.08,12
28.1,11
28.12,13
28.14,5
28.16,4
28.18,11
28.2,12
28.22,5
28.24,7
28.26,12
28.28,12
28.3,8
28.32,3
28.34,9
28.36,7
28.38,7
28.4,7
28.42,8
28.44,9
28.46,10
28.48,5
28.5,5
28.52,7
28.54,4
28.56,8
28.58,8
28.6,8
28.62,7
28.64,7
28.66,5
28.68,8
28.7,4
28.72,8
28.74,7
28.76,9
28.78,6
28.8,2
28.82,8
28.84,7
28.86,12
28.88,11
28.9,16
28.92,13
28.94,10
28.96,7
28.98,14
29,10
29.02,8
29.04,9
29.06,12
29.08,12
29.1,12
29.12,13
29.14,20
29.16,15
29.18,26
29.2,21
29.22,33
29.24,44
29.26,50
29.28,68
29.3,75
29.32,108
29.34,93
29.36,130
29.38,134
29.4,153
29.42,146
29.44,163
29.46,146
29.48,108
29.5,98
29.52,72
29.54,50
29.56,36
29.58,25
29.6,19
29.62,14
29.64,21
29.66,16
29.68,6
29.7,10
29.72,10
29.74,7
29.76,12
29.78,10
29.8,10
29.82,9
29.84,6
29.86,9
29.88,10
29.9,12
29.92,6
29.94,9
29.96,8
29.98,6
30,6
30.02,8
30.04,8
30.06,10
30.08,9
30.1,7
30.12,8
30.14,9
30.16,9
30.18,10
30.2,16
30.22,12
30.24,10
30.26,16
30.28,19
30.3,14
30.32,31
30.34,33
30.36,34
30.38,29
30.4,32
30.42,39
30.44,43
30.46,37
30.48,44
30.5,39
30.52,43
30.54,30
30.56,23
30.58,26
30.6,14
30.62,17
30.64,16
30.66,12
30.68,13
30.7,10
30.72,6
30.74,9
30.76,7
30.78,11
30.8,8
30.82,6
30.84,11
30.86,9
30.88,7
30.9,9
30.92,4
30.94,5
30.96,11
30.98,11
31,7
31.02,11
31.04,7
31.06,6
31.08,8
31.1,10
31.12,9
31.14,9
31.16,8
31.18,7
31.2,8
31.22,12
31.24,11
31.26,10
31.28,10
31.3,20
31.32,25
31.34,31
31.36,34
31.38,44
31.4,54
31.42,75
31.44,85
31.46,106
31.48,106
31.5,120
31.52,112
31.54,93
31.56,77
31.58,81
31.6,60
31.62,49
31.64,56
31.66,50
31.68,39
31.7,40
31.72,67
31.74,66
31.76,64
31.78,76
31.8,96
31.82,100
31.84,83
31.86,79
31.88,62
31.9,51
31.92,40
31.94,30
31.96,25
31.98,25
32,18
32.02,10
32.04,10
32.06,14
32.08,12
32.1,10
32.12,13
32.14,13
32.16,13
32.18,12
32.2,11
32.22,14
32.24,15
32.26,16
32.28,12
32.3,12
32.32,10
32.34,13
32.36,17
32.38,20
32.4,21
32.42,24
32.44,23
32.46,21
32.48,17
32.5,18
32.52,18
32.54,13
32.56,13
32.58,13
32.6,16
32.62,15
32.64,17
32.66,14
32.68,13
32.7,14
32.72,13
32.74,20
32.76,31
32.78,28
32.8,40
32.82,53
32.84,49
32.86,57
32.88,68
32.9,84
32.92,97
32.94,98
32.96,113
32.98,127
33,106
33.02,90
33.04,88
33.06,66
33.08,61
33.1,55
33.12,46
33.14,35
33.16,29
33.18,23
33.2,19
33.22,18
33.24,18
33.26,13
33.28,11
33.3,11
33.32,12
33.34,12
33.36,12
33.38,13
33.4,12
33.42,12
33.44,14
33.46,16
33.48,15
33.5,16
33.52,18
33.54,14
33.56,6
33.58,9
33.6,12
33.62,8
33.64,6
33.66,5
33.68,5
33.7,6
33.72,7
33.74,6
33.76,4
33.78,5
33.8,7
33.82,7
33.84,6
33.86,7
33.88,8
33.9,9
33.92,8
33.94,4
33.96,8
33.98,12
34,12
34.02,14
34.04,12
34.06,8
34.08,12
34.1,12
34.12,7
34.14,10
34.16,9
34.18,5
34.2,5
34.22,10
34.24,10
34.26,5
34.28,5
34.3,7
34.32,7
34.34,6
34.36,6
34.38,4
34.4,5
34.42,5
34.44,6
34.46,9
34.48,10
34.5,9
34.52,7
34.54,8
34.56,11
34.58,9
34.6,8
34.62,9
34.64,10
34.66,17
34.68,18
34.7,13
34.72,11
34.74,12
34.76,14
34.78,10
34.8,6
34.82,8
34.84,9
34.86,7
34.88,7
34.9,8
34.92,9
34.94,10
34.96,8
34.98,3
35,4
35.02,6
35.04,8
35.06,6
35.08,6
35.1,6
35.12,4
35.14,7
35.16,7
35.18,5
35.2,6
35.22,8
35.24,10
35.26,9
35.28,12
35.3,15
35.32,13
35.34,13
35.36,12
35.38,10
35.4,10
35.42,9
35.44,8
35.46,7
35.48,10
35.5,10
35.52,8
35.54,10
35.56,10
35.58,13
35.6,16
35.62,14
35.64,9
35.66,13
35.68,14
35.7,13
35.72,14
35.74,11
35.76,13
35.78,11
35.8,12
35.82,10
35.84,9
35.86,10
35.88,9
35.9,10
35.92,8
35.94,6
35.96,7
35.98,7
36,7
36.02,9
36.04,5
36.06,7
36.08,11
36.1,9
36.12,6
36.14,9
36.16,11
36.18,14
36.2,16
36.22,11
36.24,10
36.26,10
36.28,14
36.3,14
36.32,7
36.34,9
36.36,14
36.38,11
36.4,7
36.42,11
36.44,9
36.46,12
36.48,22
36.5,26
36.52,18
36.54,17
36.56,19
36.58,23
36.6,29
36.62,29
36.64,29
36.66,28
36.68,31
36.7,38
36.72,47
36.74,45
36.76,39
36.78,34
36.8,34
36.82,34
36.84,24
36.86,22
36.88,28
36.9,26
36.92,25
36.94,25
36.96,26
36.98,29
37,26
37.02,21
37.04,18
37.06,15
37.08,16
37.1,12
37.12,11
37.14,11
37.16,11
37.18,9
37.2,6
37.22,9
37.24,7
37.26,11
37.28,10
37.3,10
37.32,14
37.34,10
37.36,9
37.38,12
37.4,12
37.42,17
37.44,16
37.46,18
37.48,12
37.5,16
37.52,18
37.54,16
37.56,14
37.58,17
37.6,14
37.62,15
37.64,15
37.66,14
37.68,10
37.7,9
37.72,8
37.74,6
37.76,11
37.78,8
37.8,4
37.82,5
37.84,8
37.86,11
37.88,8
37.9,9
37.92,7
37.94,9
37.96,10
37.98,8
38,16
38.02,11
38.04,9
38.06,7
38.08,6
38.1,10
38.12,7
38.14,10
38.16,6
38.18,6
38.2,6
38.22,8
38.24,8
38.26,13
38.28,11
38.3,17
38.32,19
38.34,18
38.36,13
38.38,11
38.4,9
38.42,8
38.44,10
38.46,15
38.48,11
38.5,8
38.52,8
38.54,9
38.56,6
38.58,5
38.6,8
38.62,5
38.64,4
38.66,5
38.68,3
38.7,5
38.72,4
38.74,6
38.76,6
38.78,9
38.8,12
38.82,18
38.84,14
38.86,14
38.88,12
38.9,17
38.92,13
38.94,7
38.96,8
38.98,6
39,10
39.02,7
39.04,7
39.06,11
39.08,5
39.1,9
39.12,6
39.14,7
39.16,7
39.18,8
39.2,7
39.22,5
39.24,4
39.26,8
39.28,9
39.3,5
39.32,5
39.34,3
39.36,5
39.38,6
39.4,9
39.42,11
39.44,9
39.46,13
39.48,10
39.5,16
39.52,15
39.54,12
39.56,15
39.58,14
39.6,14
39.62,13
39.64,17
39.66,15
39.68,21
39.7,18
39.72,16
39.74,18
39.76,16
39.78,16
39.8,9
39.82,12
39.84,11
39.86,5
39.88,5
39.9,8
39.92,10
39.94,10
39.96,4
39.98,4
40,8
40.02,5
40.04,10
40.06,8
40.08,6
40.1,6
40.12,6
40.14,5
40.16,5
40.18,5
40.2,4
40.22,5
40.24,8
40.26,3
40.28,7
40.3,8
40.32,9
40.34,4
40.36,8
40.38,6
40.4,2
40.42,7
40.44,2
40.46,4
40.48,1
40.5,5
40.52,9
40.54,4
40.56,4
40.58,7
40.6,2
40.62,2
40.64,4
40.66,3
40.68,2
40.7,11
40.72,6
40.74,5
40.76,6
40.78,5
40.8,3
40.82,3
40.84,10
40.86,5
40.88,12
40.9,6
40.92,5
40.94,6
40.96,7
40.98,4
41,3
41.02,9
41.04,7
41.06,13
41.08,9
41.1,12
41.12,18
41.14,15
41.16,10
41.18,10
41.2,18
41.22,9
41.24,10
41.26,15
41.28,17
41.3,12
41.32,16
41.34,20
41.36,13
41.38,16
41.4,16
41.42,20
41.44,19
41.46,26
41.48,14
41.5,18
41.52,23
41.54,23
41.56,20
41.58,21
41.6,22
41.62,27
41.64,32
41.66,30
41.68,35
41.7,24
41.72,26
41.74,33
41.76,30
41.78,25
41.8,22
41.82,20
41.84,17
41.86,10
41.88,14
41.9,8
41.92,14
41.94,10
41.96,6
41.98,9
42,9
42.02,9
42.04,7
42.06,8
42.08,11
42.1,8
42.12,4
42.14,7
42.16,5
42.18,5
42.2,6
42.22,7
42.24,4
42.26,7
42.28,6
42.3,8
42.32,5
42.34,7
42.36,5
42.38,5
42.4,9
42.42,5
42.44,7
42.46,7
42.48,5
42.5,8
42.52,6
42.54,6
42.56,9
42.58,9
42.6,7
42.62,5
42.64,7
42.66,5
42.68,8
42.7,7
42.72,7
42.74,5
42.76,2
42.78,4
42.8,4
42.82,1
42.84,5
42.86,4
42.88,2
42.9,3
42.92,3
42.94,5
42.96,6
42.98,5
43,4
43.02,4
43.04,3
43.06,9
43.08,10
43.1,7
43.12,7
43.14,7
43.16,7
43.18,6
43.2,5
43.22,4
43.24,5
43.26,6
43.28,6
43.3,6
43.32,3
43.34,4
43.36,11
43.38,12
43.4,11
43.42,9
43.44,10
43.46,15
43.48,14
43.5,12
43.52,19
43.54,21
43.56,17
43.58,26
43.6,23
43.62,21
43.64,25
43.66,24
43.68,23
43.7,30
43.72,32
43.74,34
43.76,33
43.78,25
43.8,21
43.82,23
43.84,23
43.86,27
43.88,25
43.9,20
43.92,14
43.94,14
43.96,13
43.98,12
44,9
44.02,6
44.04,8
44.06,7
44.08,7
44.1,10
44.12,9
44.14,6
44.16,5
44.18,7
44.2,10
44.22,12
44.24,15
44.26,10
44.28,11
44.3,8
44.32,7
44.34,7
44.36,7
44.38,7
44.4,5
44.42,6
44.44,6
44.46,6
44.48,5
44.5,5
44.52,4
44.54,6
44.56,5
44.58,4
44.6,7
44.62,8
44.64,5
44.66,5
44.68,7
44.7,5
44.72,5
44.74,7
44.76,6
44.78,9
44.8,7
44.82,5
44.84,4
44.86,4
44.88,8
44.9,7
44.92,7
44.94,10
44.96,7
44.98,8
45,8
45.02,7
45.04,11
45.06,11
45.08,11
45.1,14
45.12,13
45.14,16
45.16,17
45.18,21
45.2,29
45.22,34
45.24,37
45.26,44
45.28,52
45.3,52
45.32,52
45.34,55
45.36,51
45.38,50
45.4,51
45.42,49
45.44,55
45.46,60
45.48,67
45.5,71
45.52,69
45.54,67
45.56,55
45.58,54
45.6,58
45.62,52
45.64,51
45.66,40
45.68,33
45.7,24
45.72,22
45.74,19
45.76,17
45.78,17
45.8,20
45.82,25
45.84,17
45.86,18
45.88,21
45.9,17
45.92,15
45.94,18
45.96,16
45.98,13
46,16
46.02,11
46.04,12
46.06,9
46.08,6
46.1,8
46.12,11
46.14,7
46.16,7
46.18,7
46.2,8
46.22,7
46.24,5
46.26,6
46.28,11
46.3,6
46.32,8
46.34,7
46.36,4
46.38,5
46.4,7
46.42,8
46.44,10
46.46,8
46.48,11
46.5,4
46.52,6
46.54,8
46.56,9
46.58,8
46.6,8
46.62,7
46.64,7
46.66,8
46.68,7
46.7,8
46.72,11
46.74,8
46.76,6
46.78,8
46.8,6
46.82,7
46.84,8
46.86,8
46.88,6
46.9,5
46.92,3
46.94,6
46.96,6
46.98,7
47,6
47.02,6
47.04,4
47.06,4
47.08,6
47.1,8
47.12,8
47.14,5
47.16,4
47.18,6
47.2,7
47.22,5
47.24,7
47.26,8
47.28,7
47.3,12
47.32,5
47.34,8
47.36,6
47.38,8
47.4,5
47.42,3
47.44,5
47.46,5
47.48,8
47.5,7
47.52,9
47.54,5
47.56,7
47.58,8
47.6,12
47.62,13
47.64,9
47.66,11
47.68,14
47.7,17
47.72,12
47.74,8
47.76,12
47.78,10
47.8,13
47.82,15
47.84,9
47.86,6
47.88,13
47.9,7
47.92,9
47.94,12
47.96,10
47.98,8
48,5
48.02,7
48.04,5
48.06,5
48.08,14
48.1,14
48.12,10
48.14,16
48.16,12
48.18,20
48.2,25
48.22,35
48.24,31
48.26,27
48.28,29
48.3,36
48.32,28
48.34,30
48.36,20
48.38,21
48.4,19
48.42,21
48.44,15
48.46,15
48.48,9
48.5,13
48.52,8
48.54,11
48.56,13
48.58,12
48.6,13
48.62,12
48.64,15
48.66,16
48.68,23
48.7,41
48.72,27
48.74,27
48.76,38
48.78,24
48.8,36
48.82,23
48.84,30
48.86,23
48.88,15
48.9,23
48.92,15
48.94,14
48.96,19
48.98,22
49,11
49.02,14
49.04,15
49.06,20
49.08,23
49.1,16
49.12,23
49.14,20
49.16,18
49.18,20
49.2,14
49.22,18
49.24,15
49.26,12
49.28,16
49.3,16
49.32,6
49.34,7
49.36,6
49.38,15
49.4,12
49.42,4
49.44,12
49.46,10
49.48,8
49.5,17
49.52,11
49.54,7
49.56,10
49.58,4
49.6,8
49.62,12
49.64,12
49.66,14
49.68,10
49.7,5
49.72,11
49.74,20
49.76,15
49.78,15
49.8,19
49.82,18
49.84,23
49.86,14
49.88,10
49.9,12
49.92,14
49.94,16
49.96,16
49.98,17
50,13
50.02,11
50.04,8
50.06,8
50.08,13
50.1,9
50.12,17
50.14,14
50.16,14
50.18,11
50.2,14
50.22,20
50.24,23
50.26,24
50.28,24
50.3,27
50.32,19
50.34,12
50.36,15
50.38,19
50.4,15
50.42,18
50.44,15
50.46,15
50.48,22
50.5,16
50.52,25
50.54,26
50.56,31
50.58,22
50.6,15
50.62,18
50.64,24
50.66,15
50.68,15
50.7,16
50.72,15
50.74,16
50.76,14
50.78,12
50.8,10
50.82,15
50.84,13
50.86,11
50.88,10
50.9,9
50.92,11
50.94,10
50.96,13
50.98,15
51,15
51.02,14
51.04,10
51.06,8
51.08,3
51.1,7
51.12,7
51.14,7
51.16,10
51.18,9
51.2,8
51.22,9
51.24,7
51.26,7
51.28,7
51.3,9
51.32,8
51.34,10
51.36,10
51.38,9
51.4,10
51.42,8
51.44,10
51.46,10
51.48,10
51.5,9
51.52,9
51.54,7
51.56,11
51.58,13
51.6,10
51.62,5
51.64,4
51.66,8
51.68,9
51.7,10
51.72,8
51.74,5
51.76,5
51.78,12
51.8,15
51.82,15
51.84,13
51.86,10
51.88,18
51.9,22
51.92,23
51.94,20
51.96,26
51.98,30
52,30
52.02,33
52.04,34
52.06,30
52.08,30
52.1,30
52.12,25
52.14,28
52.16,30
52.18,24
52.2,21
52.22,18
52.24,23
52.26,29
52.28,29
52.3,33
52.32,38
52.34,38
52.36,46
52.38,48
52.4,57
52.42,76
52.44,69
52.46,70
52.48,75
52.5,77
52.52,84
52.54,87
52.56,80
52.58,72
52.6,70
52.62,63
52.64,63
52.66,59
52.68,54
52.7,44
52.72,30
52.74,33
52.76,31
52.78,25
52.8,27
52.82,27
52.84,25
52.86,25
52.88,18
52.9,12
52.92,16
52.94,21
52.96,21
52.98,22
53,21
53.02,21
53.04,22
53.06,28
53.08,32
53.1,31
53.12,32
53.14,33
53.16,39
53.18,34
53.2,22
53.22,27
53.24,32
53.26,32
53.28,27
53.3,27
53.32,30
53.34,23
53.36,19
53.38,17
53.4,15
53.42,14
53.44,15
53.46,16
53.48,18
53.5,15
53.52,13
53.54,11
53.56,13
53.58,12
53.6,7
53.62,7
53.64,12
53.66,15
53.68,14
53.7,15
53.72,17
53.74,10
53.76,17
53.78,21
53.8,20
53.82,25
53.84,32
53.86,25
53.88,23
53.9,26
53.92,38
53.94,42
53.96,39
53.98,39
54,32
54.02,32
54.04,34
54.06,36
54.08,41
54.1,46
54.12,56
54.14,51
54.16,59
54.18,56
54.2,44
54.22,41
54.24,36
54.26,40
54.28,37
54.3,33
54.32,31
54.34,26
54.36,25
54.38,17
54.4,18
54.42,15
54.44,13
54.46,18
54.48,14
54.5,17
54.52,13
54.54,13
54.56,12
54.58,16
54.6,5
54.62,8
54.64,12
54.66,10
54.68,8
54.7,10
54.72,10
54.74,11
54.76,11
54.78,8
54.8,7
54.82,4
54.84,8
54.86,15
54.88,9
54.9,11
54.92,10
54.94,13
54.96,3
54.98,5
55,7
55.02,8
55.04,9
55.06,7
55.08,6
55.1,4
55.12,8
55.14,9
55.16,13
55.18,10
55.2,10
55.22,9
55.24,10
55.26,6
55.28,5
55.3,11
55.32,13
55.34,11
55.36,9
55.38,8
55.4,9
55.42,9
55.44,17
55.46,14
55.48,8
55.5,9
55.52,19
55.54,14
55.56,17
55.58,20
55.6,24
55.62,20
55.64,29
55.66,30
55.68,29
55.7,33
55.72,43
55.74,38
55.76,44
55.78,40
55.8,50
55.82,36
55.84,33
55.86,45
55.88,35
55.9,31
55.92,38
55.94,26
55.96,26
55.98,27
56,22
56.02,19
56.04,21
56.06,18
56.08,21
56.1,15
56.12,17
56.14,12
56.16,9
56.18,12
56.2,11
56.22,11
56.24,14
56.26,19
56.28,16
56.3,14
56.32,17
56.34,16
56.36,23
56.38,16
56.4,18
56.42,22
56.44,19
56.46,28
56.48,25
56.5,22
56.52,12
56.54,16
56.56,25
56.58,16
56.6,12
56.62,16
56.64,16
56.66,21
56.68,21
56.7,16
56.72,17
56.74,15
56.76,12
56.78,27
56.8,22
56.82,24
56.84,16
56.86,24
56.88,23
56.9,18
56.92,20
56.94,16
56.96,13
56.98,17
57,16
57.02,20
57.04,16
57.06,15
57.08,17
57.1,12
57.12,16
57.14,26
57.16,17
57.18,16
57.2,18
57.22,23
57.24,23
57.26,24
57.28,20
57.3,21
57.32,13
57.34,16
57.36,11
57.38,13
57.4,15
57.42,15
57.44,13
57.46,16
57.48,14
57.5,20
57.52,12
57.54,15
57.56,11
57.58,20
57.6,5
57.62,9
57.64,7
57.66,11
57.68,14
57.7,14
57.72,8
57.74,12
57.76,9
57.78,10
57.8,11
57.82,9
57.84,11
57.86,8
57.88,3
57.9,5
57.92,6
57.94,9
57.96,7
57.98,6
58,8
58.02,9
58.04,9
58.06,11
58.08,4
58.1,5
58.12,6
58.14,8
58.16,6
58.18,6
58.2,7
58.22,9
58.24,8
58.26,5
58.28,11
58.3,11
58.32,11
58.34,7
58.36,8
58.38,7
58.4,10
58.42,8
58.44,8
58.46,7
58.48,10
58.5,15
58.52,13
58.54,8
58.56,7
58.58,10
58.6,6
58.62,7
58.64,9
58.66,8
58.68,8
58.7,10
58.72,13
58.74,10
58.76,11
58.78,15
58.8,8
58.82,10
58.84,10
58.86,10
58.88,12
58.9,11
58.92,15
58.94,15
58.96,16
58.98,9
59,21
59.02,17
59.04,6
59.06,16
59.08,31
59.1,11
59.12,16
59.14,8
59.16,14
59.18,12
59.2,16
59.22,7
59.24,10
59.26,14
59.28,10
59.3,11
59.32,8
59.34,11
59.36,9
59.38,6
59.4,3
59.42,8
59.44,8
59.46,8
59.48,13
59.5,7
59.52,8
59.54,8
59.56,6
59.58,7
59.6,11
59.62,15
59.64,7
59.66,6
59.68,3
59.7,13
59.72,6
59.74,17
59.76,5
59.78,11
59.8,11
59.82,8
59.84,6
59.86,7
59.88,10
59.9,4
59.92,10
59.94,6
59.96,6
59.98,11
60,11

