2theta,Intensity
10,7
10.02,7
10.04,5
10.06,5
10.08,4
10.1,5
10.12,4
10.14,5
10.16,6
10.18,8
10.2,5
10.22,2
10.24,5
10.26,4
10.28,3
10.3,5
10.32,5
10.34,6
10.36,10
10.38,6
10.4,4
10.42,4
10.44,5
10.46,8
10.48,7
10.5,10
10.52,8
10.54,4
10.56,6
10.58,8
10.6,6
10.62,4
10.64,4
10.66,8
10.68,9
10.7,5
10.72,4
10.74,6
10.76,7
10.78,6
10.8,5
10.82,7
10.84,8
10.86,5
10.88,3
10.9,4
10.92,4
10.94,4
10.96,4
10.98,6
11,7
11.02,7
11.04,7
11.06,6
11.08,7
11.1,8
11.12,5
11.14,6
11.16,13
11.18,14
11.2,11
11.22,10
11.24,4
11.26,4
11.28,4
11.3,5
11.32,6
11.34,10
11.36,10
11.38,4
11.4,7
11.42,11
11.44,10
11.46,9
11.48,7
11.5,7
11.52,9
11.54,8
11.56,8
11.58,6
11.6,6
11.62,3
11.64,3
11.66,7
11.68,3
11.7,4
11.72,7
11.74,6
11.76,4
11.78,6
11.8,9
11.82,6
11.84,7
11.86,8
11.88,7
11.9,4
11.92,2
11.94,6
11.96,8
11.98,8
12,6
12.02,7
12.04,8
12.06,7
12.08,8
12.1,10
12.12,6
12.14,4
12.16,5
12.18,8
12.2,7
12.22,11
12.24,9
12.26,6
12.28,6
12.3,14
12.32,15
12.34,8
12.36,10
12.38,6
12.4,6
12.42,8
12.44,8
12.46,6
12.48,8
12.5,8
12.52,11
12.54,6
12.56,10
12.58,10
12.6,6
12.62,4
12.64,4
12.66,6
12.68,8
12.7,9
12.72,9
12.74,7
12.76,4
12.78,6
12.8,7
12.82,10
12.84,11
12.86,7
12.88,6
12.9,7
12.92,5
12.94,9
12.96,10
12.98,7
13,6
13.02,4
13.04,3
13.06,11
13.08,6
13.1,8
13.12,3
13.14,6
13.16,9
13.18,9
13.2,7
13.22,8
13.24,5
13.26,4
13.28,10
13.3,11
13.32,7
13.34,8
13.36,8
13.38,11
13.4,8
13.42,8
13.44,6
13.46,7
13.48,6
13.5,4
13.52,9
13.54,9
13.56,6
13.58,8
13.6,5
13.62,7
13.64,8
13.66,10
13.68,6
13.7,9
13.72,5
13.74,9
13.76,10
13.78,2
13.8,6
13.82,8
13.84,4
13.86,10
13.88,9
13.9,7
13.92,10
13.94,6
13.96,8
13.98,15
14,5
14.02,7
14.04,11
14.06,10
14.08,9
14.1,6
14.12,12
14.14,6
14.16,6
14.18,8
14.2,9
14.22,14
14.24,6
14.26,7
14.28,12
14.3,7
14.32,8
14.34,7
14.36,6
14.38,9
14.4,9
14.42,11
14.44,7
14.46,8
14.48,4
14.5,7
14.52,14
14.54,11
14.56,8
14.58,11
14.6,7
14.62,7
14.64,3
14.66,9
14.68,6
14.7,9
14.72,12
14.74,4
14.76,12
14.78,13
14.8,16
14.82,12
14.84,10
14.86,8
14.88,7
14.9,13
14.92,12
14.94,10
14.96,11
14.98,7
15,12
15.02,8
15.04,6
15.06,9
15.08,7
15.1,13
15.12,14
15.14,11
15.16,8
15.18,10
15.2,12
15.22,15
15.24,14
15.26,6
15.28,8
15.3,8
15.32,8
15.34,9
15.36,14
15.38,10
15.4,8
15.42,8
15.44,8
15.46,7
15.48,8
15.5,11
15.52,6
15.54,15
15.56,13
15.58,7
15.6,8
15.62,10
15.64,9
15.66,10
15.68,12
15.7,5
15.72,10
15.74,13
15.76,13
15.78,10
15.8,5
15.82,14
15.84,9
15.86,7
15.88,12
15.9,9
15.92,9
15.94,18
15.96,18
15.98,9
16,15
16.02,8
16.04,7
16.06,9
16.08,12
16.1,10
16.12,13
16.14,9
16.16,10
16.18,13
16.2,14
16.22,6
16.24,12
16.26,9
16.28,15
16.3,7
16.32,13
16.34,11
16.36,9
16.38,10
16.4,9
16.42,17
16.44,14
16.46,10
16.48,6
16.5,8
16.52,8
16.54,5
16.56,7
16.58,11
16.6,11
16.62,11
16.64,9
16.66,14
16.68,10
16.7,15
16.72,13
16.74,12
16.76,6
16.78,7
16.8,15
16.82,13
16.84,7
16.86,4
16.88,8
16.9,7
16.92,14
16.94,13
16.96,8
16.98,11
17,10
17.02,13
17.04,12
17.06,5
17.08,12
17.1,9
17.12,7
17.14,10
17.16,10
17.18,8
17.2,11
17.22,14
17.24,11
17.26,15
17.28,11
17.3,11
17.32,11
17.34,13
17.36,12
17.38,16
17.4,19
17.42,17
17.44,23
17.46,28
17.48,31
17.5,20
17.52,17
17.54,17
17.56,17
17.58,13
17.6,7
17.62,13
17.64,10
17.66,9
17.68,11
17.7,16
17.72,21
17.74,15
17.76,14
17.78,21
17.8,23
17.82,27
17.84,36
17.86,45
17.88,59
17.9,73
17.92,83
17.94,81
17.96,96
17.98,127
18,170
18.02,195
18.04,219
18.06,239
18.08,259
18.1,259
18.12,273
18.14,267
18.16,242
18.18,226
18.2,172
18.22,128
18.24,91
18.26,59
18.28,37
18.3,25
18.32,25
18.34,22
18.36,19
18.38,23
18.4,28
18.42,19
18.44,15
18.46,15
18.48,18
18.5,14
18.52,12
18.54,15
18.56,14
18.58,11
18.6,15
18.62,14
18.64,11
18.66,7
18.68,6
18.7,10
18.72,11
18.74,12
18.76,12
18.78,10
18.8,8
18.82,7
18.84,10
18.86,10
18.88,9
18.9,9
18.92,12
18.94,16
18.96,13
18.98,8
19,7
19.02,8
19.04,14
19.06,10
19.08,9
19.1,7
19.12,6
19.14,8
19.16,8
19.18,7
19.2,8
19.22,11
19.24,9
19.26,13
19.28,15
19.3,11
19.32,10
19.34,10
19.36,5
19.38,5
19.4,9
19.42,9
19.44,9
19.46,9
19.48,8
19.5,5
19.52,9
19.54,11
19.56,8
19.58,8
19.6,5
19.62,6
19.64,10
19.66,9
19.68,9
19.7,8
19.72,9
19.74,10
19.76,11
19.78,10
19.8,6
19.82,7
19.84,8
19.86,7
19.88,9
19.9,7
19.92,5
19.94,4
19.96,7
19.98,6
20,6
20.02,8
20.04,9
20.06,11
20.08,9
20.1,7
20.12,7
20.14,9
20.16,10
20.18,11
20.2,14
20.22,12
20.24,12
20.26,13
20.28,8
20.3,7
20.32,9
20.34,12
20.36,10
20.38,9
20.4,9
20.42,5
20.44,4
20.46,6
20.48,9
20.5,8
20.52,10
20.54,10
20.56,8
20.58,6
20.6,8
20.62,8
20.64,5
20.66,4
20.68,5
20.7,9
20.72,11
20.74,8
20.76,7
20.78,10
20.8,10
20.82,7
20.84,8
20.86,9
20.88,7
20.9,4
20.92,5
20.94,7
20.96,5
20.98,8
21,10
21.02,9
21.04,11
21.06,9
21.08,7
21.1,10
21.12,11
21.14,11
21.16,10
21.18,6
21.2,11
21.22,19
21.24,15
21.26,12
21.28,17
21.3,20
21.32,22
21.34,24
21.36,21
21.38,27
21.4,32
21.42,28
21.44,21
21.46,19
21.48,20
21.5,20
21.52,17
21.54,14
21.56,12
21.58,11
21.6,11
21.62,11
21.64,11
21.66,12
21.68,7
21.7,11
21.72,11
21.74,10
21.76,12
21.78,11
21.8,7
21.82,7
21.84,9
21.86,9
21.88,9
21.9,7
21.92,8
21.94,11
21.96,11
21.98,8
22,6
22.02,7
22.04,5
22.06,8
22.08,9
22.1,5
22.12,7
22.14,10
22.16,9
22.18,5
22.2,7
22.22,8
22.24,11
22.26,9
22.28,8
22.3,10
22.32,9
22.34,10
22.36,12
22.38,11
22.4,7
22.42,10
22.44,12
22.46,8
22.48,14
22.5,8
22.52,6
22.54,10
22.56,11
22.58,14
22.6,13
22.62,9
22.64,10
22.66,14
22.68,19
22.7,17
22.72,18
22.74,19
22.76,22
22.78,32
22.8,31
22.82,29
22.84,39
22.86,55
22.88,79
22.9,104
22.92,119
22.94,141
22.96,180
22.98,210
23,229
23.02,214
23.04,191
23.06,186
23.08,172
23.1,125
23.12,76
23.14,45
23.16,30
23.18,18
23.2,20
23.22,20
23.24,15
23.26,14
23.28,18
23.3,16
23.32,8
23.34,10
23.36,16
23.38,14
23.4,10
23.42,12
23.44,12
23.46,10
23.48,16
23.5,16
23.52,11
23.54,12
23.56,11
23.58,9
23.6,13
23.62,11
23.64,10
23.66,13
23.68,8
23.7,7
23.72,9
23.74,11
23.76,6
23.78,9
23.8,9
23.82,8
23.84,9
23.86,12
23.88,9
23.9,12
23.92,9
23.94,10
23.96,5
23.98,12
24,15
24.02,12
24.04,18
24.06,12
24.08,15
24.1,15
24.12,14
24.14,20
24.16,23
24.18,25
24.2,24
24.22,24
24.24,32
24.26,37
24.28,40
24.3,45
24.32,51
24.34,50
24.36,41
24.38,46
24.4,46
24.42,48
24.44,54
24.46,71
24.48,58
24.5,63
24.52,68
24.54,82
24.56,70
24.58,65
24.6,72
24.62,64
24.64,58
24.66,54
24.68,62
24.7,73
24.72,88
24.74,94
24.76,122
24.78,124
24.8,116
24.82,110
24.84,105
24.86,81
24.88,63
24.9,59
24.92,43
24.94,30
24.96,23
24.98,25
25,23
25.02,19
25.04,16
25.06,13
25.08,13
25.1,9
25.12,17
25.14,17
25.16,19
25.18,15
25.2,9
25.22,18
25.24,27
25.26,28
25.28,18
25.3,21
25.32,22
25.34,30
25.36,30
25.38,35
25.4,43
25.42,48
25.44,64
25.46,79
25.48,88
25.5,127
25.52,158
25.54,185
25.56,229
25.58,234
25.6,267
25.62,231
25.64,225
25.66,213
25.68,199
25.7,181
25.72,152
25.74,146
25.76,125
25.78,99
25.8,104
25.82,95
25.84,98
25.86,119
25.88,137
25.9,165
25.92,193
25.94,212
25.96,212
25.98,241
26,199
26.02,160
26.04,159
26.06,109
26.08,82
26.1,82
26.12,51
26.14,32
26.16,27
26.18,25
26.2,26
26.22,24
26.24,20
26.26,25
26.28,25
26.3,13
26.32,14
26.34,17
26.36,15
26.38,10
26.4,16
26.42,16
26.44,23
26.46,12
26.48,13
26.5,19
26.52,21
26.54,20
26.56,10
26.58,19
26.6,12
26.62,17
26.64,10
26.66,13
26.68,11
26.7,15
26.72,11
26.74,11
26.76,15
26.78,9
26.8,19
26.82,19
26.84,8
26.86,11
26.88,13
26.9,11
26.92,16
26.94,8
26.96,18
26.98,16
27,17
27.02,7
27.04,23
27.06,15
27.08,10
27.1,14
27.12,9
27.14,16
27.16,14
27.18,24
27.2,16
27.22,21
27.24,26
27.26,16
27.28,13
27.3,19
27.32,23
27.34,16
27.36,25
27.38,32
27.4,23
27.42,25
27.44,22
27.46,42
27.48,35
27.5,41
27.52,35
27.54,51
27.56,67
27.58,58
27.6,98
27.62,110
27.64,166
27.66,169
27.68,243
27.7,275
27.72,351
27.74,357
27.76,434
27.78,422
27.8,447
27.82,404
27.84,371
27.86,280
27.88,240
27.9,166
27.92,135
27.94,109
27.96,61
27.98,48
28,43
28.02,44
28.04,38
28.06,34
28.08,36
28.1,38
28.12,23
28.14,30
28.16,32
28.18,21
28.2,18
28.22,15
28.24,19
28.26,24
28.28,16
28.3,18
28.32,17
28.34,26
28.36,18
28.38,22
28.4,17
28.42,13
28.44,11
28.46,23
28.48,13
28.5,14
28.52,13
28.54,9
28.56,16
28.58,12
28.6,18
28.62,21
28.64,14
28.66,17
28.68,22
28.7,16
28.72,14
28.74,13
28.76,18
28.78,15
28.8,13
28.82,14
28.84,13
28.86,17
28.88,14
28.9,13
28.92,18
28.94,21
28.96,16
28.98,23
29,26
29.02,15
29.04,24
29.06,26
29.08,34
29.1,23
29.12,27
29.14,33
29.16,38
29.18,36
29.2,32
29.22,57
29.24,72
29.26,97
29.28,138
29.3,140
29.32,184
29.34,249
29.36,352
29.38,389
29.4,484
29.42,528
29.44,500
29.46,578
29.48,570
29.5,497
29.52,430
29.54,361
29.56,264
29.58,197
29.6,137
29.62,90
29.64,61
29.66,53
29.68,41
29.7,44
29.72,37
29.74,33
29.76,24
29.78,27
29.8,25
29.82,19
29.84,24
29.86,22
29.88,24
29.9,16
29.92,15
29.94,23
29.96,17
29.98,14
30,14
30.02,15
30.04,22
30.06,24
30.08,15
30.1,20
30.12,21
30.14,16
30.16,17
30.18,15
30.2,15
30.22,13
30.24,27
30.26,28
30.28,30
30.3,31
30.32,33
30.34,43
30.36,43
30.38,49
30.4,60
30.42,79
30.44,95
30.46,107
30.48,102
30.5,94
30.52,103
30.54,97
30.56,84
30.58,72
30.6,62
30.62,53
30.64,53
30.66,34
30.68,32
30.7,18
30.72,19
30.74,16
30.76,17
30.78,21
30.8,17
30.82,15
30.84,17
30.86,11
30.88,13
30.9,14
30.92,15
30.94,16
30.96,18
30.98,12
31,11
31.02,13
31.04,17
31.06,12
31.08,15
31.1,14
31.12,20
31.14,21
31.16,23
31.18,16
31.2,23
31.22,21
31.24,25
31.26,26
31.28,26
31.3,26
31.32,30
31.34,36
31.36,48
31.38,62
31.4,76
31.42,106
31.44,134
31.46,176
31.48,241
31.5,286
31.52,342
31.54,384
31.56,387
31.58,352
31.6,331
31.62,284
31.64,216
31.66,172
31.68,146
31.7,138
31.72,153
31.74,164
31.76,200
31.78,248
31.8,322
31.82,358
31.84,378
31.86,398
31.88,362
31.9,317
31.92,287
31.94,228
31.96,162
31.98,119
32,85
32.02,58
32.04,35
32.06,34
32.08,34
32.1,33
32.12,27
32.14,23
32.16,29
32.18,21
32.2,20
32.22,21
32.24,19
32.26,19
32.28,21
32.3,31
32.32,28
32.34,28
32.36,34
32.38,38
32.4,51
32.42,64
32.44,68
32.46,66
32.48,71
32.5,65
32.52,60
32.54,45
32.56,46
32.58,43
32.6,32
32.62,27
32.64,26
32.66,27
32.68,32
32.7,32
32.72,35
32.74,38
32.76,41
32.78,45
32.8,50
32.82,60
32.84,73
32.86,92
32.88,127
32.9,168
32.92,196
32.94,221
32.96,288
32.98,307
33,331
33.02,349
33.04,348
33.06,326
33.08,295
33.1,266
33.12,228
33.14,181
33.16,142
33.18,110
33.2,86
33.22,62
33.24,46
33.26,40
33.28,34
33.3,30
33.32,25
33.34,24
33.36,24
33.38,22
33.4,20
33.42,22
33.44,26
33.46,33
33.48,33
33.5,30
33.52,32
33.54,39
33.56,35
33.58,30
33.6,29
33.62,26
33.64,19
33.66,18
33.68,22
33.7,16
33.72,17
33.74,21
33.76,18
33.78,14
33.8,11
33.82,13
33.84,15
33.86,13
33.88,11
33.9,12
33.92,14
33.94,14
33.96,16
33.98,19
34,22
34.02,28
34.04,30
34.06,28
34.08,33
34.1,45
34.12,46
34.14,40
34.16,31
34.18,26
34.2,22
34.22,21
34.24,19
34.26,24
34.28,23
34.3,17
34.32,19
34.34,17
34.36,18
34.38,22
34.4,22
34.42,24
34.44,27
34.46,27
34.48,24
34.5,23
34.52,23
34.54,18
34.56,18
34.58,22
34.6,23
34.62,23
34.64,22
34.66,21
34.68,24
34.7,29
34.72,32
34.74,29
34.76,29
34.78,27
34.8,24
34.82,22
34.84,18
34.86,15
34.88,8
34.9,9
34.92,13
34.94,9
34.96,7
34.98,11
35,14
35.02,14
35.04,9
35.06,7
35.08,6
35.1,6
35.12,8
35.14,10
35.16,9
35.18,13
35.2,12
35.22,11
35.24,15
35.26,15
35.28,16
35.3,18
35.32,18
35.34,23
35.36,25
35.38,24
35.4,29
35.42,29
35.44,20
35.46,16
35.48,15
35.5,11
35.52,9
35.54,12
35.56,10
35.58,10
35.6,13
35.62,12
35.64,8
35.66,6
35.68,6
35.7,9
35.72,12
35.74,12
35.76,9
35.78,8
35.8,12
35.82,15
35.84,14
35.86,14
35.88,12
35.9,8
35.92,10
35.94,8
35.96,11
35.98,10
36,13
36.02,18
36.04,19
36.06,14
36.08,19
36.1,24
36.12,21
36.14,24
36.16,27
36.18,33
36.2,43
36.22,43
36.24,42
36.26,45
36.28,44
36.3,45
36.32,41
36.34,33
36.36,33
36.38,32
36.4,24
36.42,23
36.44,28
36.46,29
36.48,32
36.5,38
36.52,49
36.54,64
36.56,66
36.58,61
36.6,74
36.62,77
36.64,78
36.66,75
36.68,82
36.7,92
36.72,101
36.74,103
36.76,99
36.78,103
36.8,76
36.82,76
36.84,82
36.86,79
36.88,80
36.9,77
36.92,80
36.94,81
36.96,97
36.98,110
37,109
37.02,89
37.04,82
37.06,73
37.08,54
37.1,47
37.12,39
37.14,27
37.16,21
37.18,14
37.2,15
37.22,15
37.24,16
37.26,16
37.28,12
37.3,14
37.32,18
37.34,14
37.36,16
37.38,22
37.4,20
37.42,18
37.44,22
37.46,32
37.48,32
37.5,42
37.52,42
37.54,51
37.56,44
37.58,46
37.6,47
37.62,41
37.64,39
37.66,31
37.68,35
37.7,27
37.72,25
37.74,14
37.76,12
37.78,14
37.8,12
37.82,10
37.84,14
37.86,13
37.88,26
37.9,26
37.92,18
37.94,25
37.96,21
37.98,22
38,25
38.02,35
38.04,36
38.06,25
38.08,16
38.1,14
38.12,16
38.14,14
38.16,19
38.18,19
38.2,11
38.22,11
38.24,12
38.26,17
38.28,16
38.3,21
38.32,32
38.34,32
38.36,37
38.38,33
38.4,39
38.42,39
38.44,35
38.46,35
38.48,25
38.5,23
38.52,16
38.54,13
38.56,18
38.58,19
38.6,13
38.62,16
38.64,14
38.66,13
38.68,6
38.7,9
38.72,26
38.74,18
38.76,19
38.78,23
38.8,29
38.82,38
38.84,34
38.86,43
38.88,43
38.9,32
38.92,45
38.94,29
38.96,45
38.98,33
39,27
39.02,24
39.04,15
39.06,17
39.08,14
39.1,11
39.12,8
39.14,8
39.16,14
39.18,10
39.2,7
39.22,8
39.24,12
39.26,12
39.28,12
39.3,9
39.32,8
39.34,10
39.36,8
39.38,19
39.4,14
39.42,12
39.44,16
39.46,21
39.48,16
39.5,21
39.52,18
39.54,24
39.56,29
39.58,26
39.6,26
39.62,31
39.64,36
39.66,51
39.68,53
39.7,46
39.72,53
39.74,59
39.76,43
39.78,46
39.8,33
39.82,45
39.84,20
39.86,18
39.88,13
39.9,15
39.92,12
39.94,11
39.96,9
39.98,4
40,12
40.02,13
40.04,4
40.06,6
40.08,9
40.1,4
40.12,9
40.14,15
40.16,6
40.18,14
40.2,12
40.22,9
40.24,3
40.26,9
40.28,10
40.3,7
40.32,6
40.34,8
40.36,11
40.38,8
40.4,10
40.42,12
40.44,8
40.46,12
40.48,10
40.5,11
40.52,10
40.54,6
40.56,9
40.58,8
40.6,12
40.62,11
40.64,6
40.66,9
40.68,9
40.7,13
40.72,11
40.74,8
40.76,7
40.78,8
40.8,10
40.82,12
40.84,11
40.86,9
40.88,8
40.9,5
40.92,9
40.94,9
40.96,10
40.98,14
41,8
41.02,18
41.04,10
41.06,11
41.08,14
41.1,19
41.12,15
41.14,23
41.16,27
41.18,25
41.2,31
41.22,36
41.24,31
41.26,42
41.28,31
41.3,26
41.32,19
41.34,23
41.36,30
41.38,38
41.4,46
41.42,48
41.44,48
41.46,50
41.48,62
41.5,49
41.52,57
41.54,41
41.56,51
41.58,44
41.6,40
41.62,38
41.64,48
41.66,58
41.68,75
41.7,77
41.72,71
41.74,62
41.76,65
41.78,65
41.8,62
41.82,71
41.84,70
41.86,61
41.88,45
41.9,39
41.92,37
41.94,29
41.96,18
41.98,14
42,16
42.02,13
42.04,16
42.06,10
42.08,11
42.1,8
42.12,15
42.14,7
42.16,8
42.18,13
42.2,12
42.22,10
42.24,7
42.26,8
42.28,11
42.3,6
42.32,11
42.34,10
42.36,8
42.38,10
42.4,15
42.42,14
42.44,9
42.46,10
42.48,15
42.5,19
42.52,17
42.54,15
42.56,15
42.58,18
42.6,13
42.62,20
42.64,12
42.66,11
42.68,14
42.7,9
42.72,9
42.74,14
42.76,11
42.78,7
42.8,12
42.82,8
42.84,7
42.86,5
42.88,7
42.9,10
42.92,3
42.94,8
42.96,6
42.98,9
43,12
43.02,8
43.04,8
43.06,10
43.08,9
43.1,9
43.12,5
43.14,9
43.16,10
43.18,13
43.2,11
43.22,8
43.24,11
43.26,10
43.28,8
43.3,10
43.32,9
43.34,10
43.36,7
43.38,10
43.4,6
43.42,5
43.44,9
43.46,14
43.48,14
43.5,20
43.52,23
43.54,24
43.56,24
43.58,27
43.6,37
43.62,31
43.64,42
43.66,54
43.68,62
43.7,71
43.72,67
43.74,69
43.76,77
43.78,89
43.8,91
43.82,80
43.84,71
43.86,70
43.88,61
43.9,55
43.92,46
43.94,35
43.96,35
43.98,34
44,26
44.02,19
44.04,17
44.06,16
44.08,14
44.1,11
44.12,11
44.14,12
44.16,11
44.18,10
44.2,16
44.22,18
44.24,17
44.26,22
44.28,28
44.3,25
44.32,17
44.34,27
44.36,28
44.38,22
44.4,21
44.42,19
44.44,21
44.46,20
44.48,19
44.5,17
44.52,12
44.54,8
44.56,10
44.58,11
44.6,10
44.62,9
44.64,11
44.66,13
44.68,12
44.7,12
44.72,17
44.74,10
44.76,9
44.78,10
44.8,7
44.82,10
44.84,15
44.86,15
44.88,12
44.9,11
44.92,13
44.94,15
44.96,14
44.98,12
45,14
45.02,17
45.04,18
45.06,21
45.08,17
45.1,14
45.12,16
45.14,19
45.16,26
45.18,28
45.2,37
45.22,48
45.24,68
45.26,101
45.28,132
45.3,149
45.32,155
45.34,156
45.36,149
45.38,137
45.4,118
45.42,124
45.44,126
45.46,127
45.48,150
45.5,162
45.52,158
45.54,179
45.56,195
45.58,171
45.6,157
45.62,150
45.64,140
45.66,122
45.68,106
45.7,87
45.72,68
45.74,52
45.76,47
45.78,45
45.8,40
45.82,46
45.84,50
45.86,60
45.88,54
45.9,47
45.92,58
45.94,60
45.96,44
45.98,29
46,34
46.02,38
46.04,34
46.06,29
46.08,25
46.1,21
46.12,16
46.14,17
46.16,17
46.18,19
46.2,16
46.22,10
46.24,9
46.26,12
46.28,11
46.3,11
46.32,16
46.34,17
46.36,9
46.38,13
46.4,12
46.42,15
46.44,10
46.46,10
46.48,14
46.5,14
46.52,19
46.54,21
46.56,18
46.58,24
46.6,28
46.62,23
46.64,31
46.66,18
46.68,15
46.7,18
46.72,15
46.74,17
46.76,20
46.78,10
46.8,8
46.82,10
46.84,12
46.86,12
46.88,6
46.9,6
46.92,5
46.94,9
46.96,9
46.98,10
47,9
47.02,7
47.04,15
47.06,9
47.08,13
47.1,11
47.12,9
47.14,10
47.16,10
47.18,9
47.2,14
47.22,14
47.24,7
47.26,8
47.28,14
47.3,12
47.32,13
47.34,13
47.36,10
47.38,13
47.4,7
47.42,9
47.44,11
47.46,15
47.48,14
47.5,17
47.52,23
47.54,22
47.56,23
47.58,16
47.6,16
47.62,24
47.64,25
47.66,25
47.68,31
47.7,34
47.72,27
47.74,28
47.76,18
47.78,27
47.8,16
47.82,22
47.84,23
47.86,20
47.88,21
47.9,21
47.92,15
47.94,8
47.96,11
47.98,12
48,12
48.02,14
48.04,9
48.06,10
48.08,17
48.1,13
48.12,12
48.14,19
48.16,19
48.18,24
48.2,41
48.22,50
48.24,52
48.26,60
48.28,79
48.3,77
48.32,94
48.34,97
48.36,93
48.38,87
48.4,78
48.42,82
48.44,55
48.46,54
48.48,57
48.5,49
48.52,36
48.54,24
48.56,31
48.58,25
48.6,23
48.62,26
48.64,20
48.66,32
48.68,37
48.7,47
48.72,45
48.74,68
48.76,84
48.78,91
48.8,104
48.82,105
48.84,92
48.86,72
48.88,95
48.9,70
48.92,59
48.94,65
48.96,59
48.98,45
49,34
49.02,32
49.04,33
49.06,24
49.08,42
49.1,35
49.12,41
49.14,39
49.16,30
49.18,48
49.2,44
49.22,43
49.24,27
49.26,32
49.28,36
49.3,24
49.32,26
49.34,22
49.36,29
49.38,18
49.4,14
49.42,18
49.44,10
49.46,12
49.48,16
49.5,16
49.52,22
49.54,23
49.56,24
49.58,23
49.6,25
49.62,20
49.64,20
49.66,20
49.68,16
49.7,22
49.72,24
49.74,30
49.76,28
49.78,29
49.8,23
49.82,36
49.84,31
49.86,28
49.88,28
49.9,36
49.92,33
49.94,20
49.96,32
49.98,26
50,33
50.02,24
50.04,21
50.06,25
50.08,20
50.1,20
50.12,22
50.14,22
50.16,20
50.18,23
50.2,31
50.22,38
50.24,42
50.26,45
50.28,56
50.3,55
50.32,59
50.34,57
50.36,62
50.38,49
50.4,40
50.42,58
50.44,47
50.46,47
50.48,41
50.5,51
50.52,53
50.54,72
50.56,68
50.58,65
50.6,66
50.62,49
50.64,57
50.66,61
50.68,43
50.7,33
50.72,40
50.74,44
50.76,40
50.78,28
50.8,29
50.82,29
50.84,27
50.86,24
50.88,26
50.9,18
50.92,22
50.94,27
50.96,22
50.98,16
51,22
51.02,25
51.04,19
51.06,18
51.08,15
51.1,21
51.12,19
51.14,11
51.16,15
51.18,13
51.2,16
51.22,19
51.24,20
51.26,26
51.28,21
51.3,23
51.32,21
51.34,20
51.36,17
51.38,20
51.4,16
51.42,16
51.44,18
51.46,19
51.48,14
51.5,14
51.52,16
51.54,17
51.56,15
51.58,14
51.6,14
51.62,13
51.64,12
51.66,11
51.68,10
51.7,12
51.72,11
51.74,7
51.76,9
51.78,15
51.8,14
51.82,11
51.84,13
51.86,17
51.88,24
51.9,24
51.92,20
51.94,25
51.96,29
51.98,44
52,62
52.02,66
52.04,78
52.06,83
52.08,83
52.1,83
52.12,77
52.14,67
52.16,67
52.18,70
52.2,64
52.22,66
52.24,63
52.26,50
52.28,40
52.3,47
52.32,49
52.34,51
52.36,65
52.38,87
52.4,98
52.42,105
52.44,129
52.46,149
52.48,176
52.5,205
52.52,215
52.54,212
52.56,217
52.58,203
52.6,191
52.62,205
52.64,196
52.66,176
52.68,163
52.7,151
52.72,139
52.74,113
52.76,91
52.78,76
52.8,64
52.82,66
52.84,63
52.86,55
52.88,49
52.9,39
52.92,30
52.94,29
52.96,34
52.98,36
53,39
53.02,36
53.04,35
53.06,43
53.08,51
53.1,52
53.12,60
53.14,70
53.16,67
53.18,67
53.2,74
53.22,74
53.24,74
53.26,73
53.28,71
53.3,69
53.32,58
53.34,57
53.36,53
53.38,47
53.4,46
53.42,41
53.44,35
53.46,31
53.48,32
53.5,30
53.52,28
53.54,31
53.56,29
53.58,23
53.6,28
53.62,30
53.64,23
53.66,21
53.68,25
53.7,27
53.72,28
53.74,25
53.76,30
53.78,31
53.8,31
53.82,31
53.84,35
53.86,48
53.88,62
53.9,60
53.92,63
53.94,78
53.96,75
53.98,84
54,76
54.02,66
54.04,70
54.06,83
54.08,95
54.1,98
54.12,106
54.14,127
54.16,146
54.18,138
54.2,149
54.22,135
54.24,119
54.26,105
54.28,107
54.3,99
54.32,101
54.34,88
54.36,71
54.38,70
54.4,57
54.42,42
54.44,37
54.46,31
54.48,25
54.5,24
54.52,31
54.54,26
54.56,23
54.58,23
54.6,18
54.62,15
54.64,14
54.66,15
54.68,16
54.7,14
54.72,16
54.74,12
54.76,15
54.78,13
54.8,14
54.82,21
54.84,14
54.86,17
54.88,20
54.9,19
54.92,20
54.94,17
54.96,15
54.98,17
55,17
55.02,17
55.04,18
55.06,12
55.08,10
55.1,13
55.12,14
55.14,9
55.16,11
55.18,13
55.2,12
55.22,13
55.24,8
55.26,12
55.28,13
55.3,12
55.32,8
55.34,9
55.36,11
55.38,13
55.4,16
55.42,9
55.44,12
55.46,13
55.48,12
55.5,15
55.52,22
55.54,20
55.56,16
55.58,20
55.6,15
55.62,21
55.64,32
55.66,38
55.68,33
55.7,38
55.72,43
55.74,60
55.76,68
55.78,77
55.8,83
55.82,104
55.84,81
55.86,98
55.88,87
55.9,73
55.92,74
55.94,70
55.96,67
55.98,65
56,57
56.02,54
56.04,46
56.06,38
56.08,34
56.1,28
56.12,24
56.14,28
56.16,25
56.18,19
56.2,19
56.22,16
56.24,23
56.26,18
56.28,21
56.3,13
56.32,29
56.34,37
56.36,39
56.38,39
56.4,37
56.42,51
56.44,49
56.46,45
56.48,47
56.5,38
56.52,41
56.54,38
56.56,51
56.58,58
56.6,52
56.62,40
56.64,44
56.66,42
56.68,48
56.7,26
56.72,35
56.74,36
56.76,42
56.78,51
56.8,48
56.82,42
56.84,44
56.86,42
56.88,43
56.9,52
56.92,43
56.94,36
56.96,43
56.98,31
57,47
57.02,42
57.04,59
57.06,53
57.08,35
57.1,39
57.12,39
57.14,35
57.16,44
57.18,36
57.2,44
57.22,44
57.24,55
57.26,59
57.28,57
57.3,50
57.32,48
57.34,42
57.36,31
57.38,34
57.4,34
57.42,42
57.44,38
57.46,36
57.48,28
57.5,19
57.52,14
57.54,28
57.56,30
57.58,17
57.6,15
57.62,24
57.64,24
57.66,17
57.68,12
57.7,15
57.72,12
57.74,10
57.76,11
57.78,14
57.8,18
57.82,10
57.84,6
57.86,12
57.88,13
57.9,9
57.92,10
57.94,6
57.96,11
57.98,9
58,13
58.02,11
58.04,11
58.06,7
58.08,11
58.1,13
58.12,19
58.14,9
58.16,8
58.18,5
58.2,12
58.22,10
58.24,14
58.26,7
58.28,8
58.3,8
58.32,15
58.34,6
58.36,11
58.38,13
58.4,8
58.42,5
58.44,10
58.46,10
58.48,12
58.5,12
58.52,8
58.54,15
58.56,14
58.58,10
58.6,15
58.62,8
58.64,14
58.66,12
58.68,13
58.7,17
58.72,14
58.74,20
58.76,11
58.78,25
58.8,18
58.82,21
58.84,26
58.86,27
58.88,32
58.9,34
58.92,32
58.94,40
58.96,35
58.98,27
59,20
59.02,30
59.04,27
59.06,21
59.08,34
59.1,37
59.12,36
59.14,26
59.16,27
59.18,22
59.2,19
59.22,19
59.24,24
59.26,19
59.28,23
59.3,18
59.32,17
59.34,16
59.36,14
59.38,13
59.4,20
59.42,15
59.44,9
59.46,18
59.48,11
59.5,10
59.52,10
59.54,4
59.56,11
59.58,6
59.6,7
59.62,7
59.64,15
59.66,15
59.68,9
59.7,12
59.72,9
59.74,14
59.76,13
59.78,16
59.8,16
59.82,15
59.84,20
59.86,15
59.88,10
59.9,10
59.92,9
59.94,11
59.96,11
59.98,13
60,13

