2theta,Intensity
10,6.66667
10.02,6.66667
10.04,6
10.06,3.33333
10.08,3.33333
10.1,4.66667
10.12,4
10.14,4.66667
10.16,5.33333
10.18,6
10.2,5.33333
10.22,5.33333
10.24,6.66667
10.26,5.33333
10.28,5.33333
10.3,4.66667
10.32,3.33333
10.34,4.66667
10.36,7.33333
10.38,6.66667
10.4,4
10.42,2
10.44,4
10.46,4.66667
10.48,3.33333
10.5,4
10.52,4.66667
10.54,4.66667
10.56,5.33333
10.58,6
10.6,5.33333
10.62,5.33333
10.64,4.66667
10.66,4
10.68,2.66667
10.7,4.66667
10.72,4
10.74,4
10.76,4
10.78,4
10.8,6
10.82,4
10.84,2.66667
10.86,4
10.88,6
10.9,6
10.92,4.66667
10.94,6
10.96,6.66667
10.98,4.66667
11,4.66667
11.02,4.66667
11.04,7.33333
11.06,7.33333
11.08,4
11.1,5.33333
11.12,8
11.14,8
11.16,5.33333
11.18,6.66667
11.2,8
11.22,7.33333
11.24,8.66667
11.26,8
11.28,5.33333
11.3,8
11.32,8
11.34,6.66667
11.36,5.33333
11.38,6
11.4,8
11.42,8.66667
11.44,8.66667
11.46,4.66667
11.48,2
11.5,4.66667
11.52,4.66667
11.54,6.66667
11.56,8
11.58,6.66667
11.6,6
11.62,4.66667
11.64,4
11.66,4
11.68,4.66667
11.7,7.33333
11.72,9.33333
11.74,6
11.76,4.66667
11.78,7.33333
11.8,8
11.82,6
11.84,8
11.86,8
11.88,5.33333
11.9,3.33333
11.92,3.33333
11.94,7.33333
11.96,9.33333
11.98,6.66667
12,7.33333
12.02,6.66667
12.04,6.66667
12.06,6
12.08,5.33333
12.1,4.66667
12.12,2.66667
12.14,4
12.16,6
12.18,6
12.2,6.66667
12.22,10
12.24,8.66667
12.26,6.66667
12.28,6.66667
12.3,6.66667
12.32,9.33333
12.34,8
12.36,11.3333
12.38,9.33333
12.4,10
12.42,7.33333
12.44,8
12.46,4.66667
12.48,9.33333
12.5,8
12.52,8
12.54,12
12.56,4.66667
12.58,6
12.6,8
12.62,8
12.64,9.33333
12.66,6
12.68,4.66667
12.7,5.33333
12.72,6
12.74,8.66667
12.76,10.6667
12.78,8.66667
12.8,6.66667
12.82,9.33333
12.84,7.33333
12.86,9.33333
12.88,9.33333
12.9,8
12.92,10
12.94,6
12.96,6
12.98,7.33333
13,7.33333
13.02,8.66667
13.04,4.66667
13.06,5.33333
13.08,6.66667
13.1,11.3333
13.12,6
13.14,10
13.16,10
13.18,10.6667
13.2,7.33333
13.22,8.66667
13.24,8
13.26,5.33333
13.28,6
13.3,8
13.32,8.66667
13.34,6
13.36,4.66667
13.38,8.66667
13.4,7.33333
13.42,9.33333
13.44,12
13.46,12.6667
13.48,7.33333
13.5,8
13.52,6.66667
13.54,6
13.56,6
13.58,4.66667
13.6,7.33333
13.62,8.66667
13.64,9.33333
13.66,10.6667
13.68,6.66667
13.7,6.66667
13.72,6
13.74,6.66667
13.76,4.66667
13.78,4.66667
13.8,8
13.82,6.66667
13.84,7.33333
13.86,6
13.88,7.33333
13.9,5.33333
13.92,11.3333
13.94,8.66667
13.96,6
13.98,8
14,9.33333
14.02,9.33333
14.04,8
14.06,8.66667
14.08,10
14.1,7.33333
14.12,4
14.14,7.33333
14.16,10
14.18,6.66667
14.2,9.33333
14.22,8.66667
14.24,9.33333
14.26,6
14.28,9.33333
14.3,10.6667
14.32,10.6667
14.34,8
14.36,8.66667
14.38,8.66667
14.4,6.66667
14.42,8
14.44,13.3333
14.46,8
14.48,4.66667
14.5,6.66667
14.52,12.6667
14.54,6
14.56,8
14.58,8
14.6,4
14.62,8
14.64,5.33333
14.66,9.33333
14.68,7.33333
14.7,6.66667
14.72,8.66667
14.74,7.33333
14.76,12
14.78,12.6667
14.8,6.66667
14.82,8
14.84,4.66667
14.86,8
14.88,5.33333
14.9,6
14.92,8
14.94,10
14.96,9.33333
14.98,10.6667
15,9.33333
15.02,5.33333
15.04,4
15.06,10.6667
15.08,7.33333
15.1,4
15.12,4.66667
15.14,8.66667
15.16,10
15.18,8.66667
15.2,8
15.22,7.33333
15.24,5.33333
15.26,5.33333
15.28,6
15.3,3.33333
15.32,10.6667
15.34,9.33333
15.36,12.6667
15.38,9.33333
15.4,8
15.42,10.6667
15.44,10
15.46,4.66667
15.48,10
15.5,10
15.52,9.33333
15.54,8.66667
15.56,10
15.58,10
15.6,6.66667
15.62,2.66667
15.64,8.66667
15.66,10.6667
15.68,8.66667
15.7,12
15.72,8.66667
15.74,10
15.76,9.33333
15.78,7.33333
15.8,7.33333
15.82,8
15.84,9.33333
15.86,9.33333
15.88,11.3333
15.9,12.6667
15.92,6.66667
15.94,7.33333
15.96,10
15.98,8
16,8.66667
16.02,9.33333
16.04,6
16.06,7.33333
16.08,6.66667
16.1,9.33333
16.12,10.6667
16.14,11.3333
16.16,12.6667
16.18,8
16.2,11.3333
16.22,12
16.24,10
16.26,8
16.28,10.6667
16.3,8.66667
16.32,8
16.34,10.6667
16.36,17.3333
16.38,13.3333
16.4,8.66667
16.42,12
16.44,10.6667
16.46,12
16.48,12
16.5,10
16.52,10.6667
16.54,14
16.56,8
16.58,12
16.6,12
16.62,10.6667
16.64,10.6667
16.66,16.6667
16.68,12
16.7,8.66667
16.72,8.66667
16.74,8
16.76,9.33333
16.78,10
16.8,6.66667
16.82,6.66667
16.84,8.66667
16.86,12
16.88,8
16.9,10.6667
16.92,13.3333
16.94,11.3333
16.96,6.66667
16.98,9.33333
17,9.33333
17.02,8.66667
17.04,10
17.06,8.66667
17.08,11.3333
17.1,8
17.12,11.3333
17.14,10.6667
17.16,9.33333
17.18,12.6667
17.2,10
17.22,12.6667
17.24,12
17.26,11.3333
17.28,10.6667
17.3,8.66667
17.32,8
17.34,11.3333
17.36,14
17.38,16
17.4,14.6667
17.42,14.6667
17.44,15.3333
17.46,13.3333
17.48,20.6667
17.5,22
17.52,30
17.54,23.3333
17.56,23.3333
17.58,25.3333
17.6,22.6667
17.62,16
17.64,14.6667
17.66,13.3333
17.68,12.6667
17.7,13.3333
17.72,10.6667
17.74,12
17.76,13.3333
17.78,13.3333
17.8,14
17.82,20
17.84,18.6667
17.86,17.3333
17.88,18.6667
17.9,25.3333
17.92,28.6667
17.94,33.3333
17.96,53.3333
17.98,64.6667
18,65.3333
18.02,78.6667
18.04,94
18.06,118
18.08,140
18.1,152
18.12,168
18.14,181.333
18.16,192
18.18,205.333
18.2,196.667
18.22,178
18.24,174
18.26,140.667
18.28,114.667
18.3,84
18.32,56
18.34,32.6667
18.36,26
18.38,20.6667
18.4,16
18.42,18
18.44,17.3333
18.46,14.6667
18.48,14.6667
18.5,14
18.52,12
18.54,12.6667
18.56,13.3333
18.58,10
18.6,10
18.62,10.6667
18.64,12.6667
18.66,13.3333
18.68,11.3333
18.7,11.3333
18.72,12
18.74,11.3333
18.76,10
18.78,12.6667
18.8,12.6667
18.82,12.6667
18.84,10.6667
18.86,8.66667
18.88,12
18.9,12
18.92,13.3333
18.94,10
18.96,10
18.98,10
19,7.33333
19.02,6
19.04,8.66667
19.06,8
19.08,7.33333
19.1,9.33333
19.12,7.33333
19.14,7.33333
19.16,9.33333
19.18,10
19.2,9.33333
19.22,8
19.24,7.33333
19.26,8
19.28,8.66667
19.3,7.33333
19.32,10.6667
19.34,9.33333
19.36,8.66667
19.38,10
19.4,12
19.42,9.33333
19.44,6
19.46,6
19.48,11.3333
19.5,12.6667
19.52,8
19.54,7.33333
19.56,8
19.58,8.66667
19.6,9.33333
19.62,9.33333
19.64,10.6667
19.66,8.66667
19.68,6
19.7,8
19.72,10.6667
19.74,12
19.76,8.66667
19.78,8
19.8,10
19.82,9.33333
19.84,10
19.86,9.33333
19.88,8
19.9,8
19.92,6.66667
19.94,6
19.96,7.33333
19.98,8
20,7.33333
20.02,8
20.04,8
20.06,6
20.08,6.66667
20.1,8
20.12,6.66667
20.14,7.33333
20.16,8
20.18,10
20.2,9.33333
20.22,6.66667
20.24,8
20.26,9.33333
20.28,9.33333
20.3,7.33333
20.32,6
20.34,6
20.36,6
20.38,7.33333
20.4,9.33333
20.42,9.33333
20.44,8
20.46,8.66667
20.48,8.66667
20.5,8
20.52,6.66667
20.54,7.33333
20.56,6
20.58,8
20.6,12
20.62,8.66667
20.64,8
20.66,10.6667
20.68,8.66667
20.7,7.33333
20.72,8
20.74,6.66667
20.76,6
20.78,5.33333
20.8,6.66667
20.82,7.33333
20.84,9.33333
20.86,11.3333
20.88,10
20.9,9.33333
20.92,9.33333
20.94,8.66667
20.96,8
20.98,7.33333
21,10
21.02,14
21.04,12.6667
21.06,9.33333
21.08,6.66667
21.1,6.66667
21.12,7.33333
21.14,10
21.16,10.6667
21.18,6.66667
21.2,6
21.22,10
21.24,14
21.26,14
21.28,12
21.3,12.6667
21.32,12
21.34,14
21.36,15.3333
21.38,18
21.4,22
21.42,22
21.44,24
21.46,29.3333
21.48,32.6667
21.5,36.6667
21.52,30.6667
21.54,24.6667
21.56,24
21.58,26
21.6,22.6667
21.62,18.6667
21.64,14.6667
21.66,12.6667
21.68,11.3333
21.7,11.3333
21.72,9.33333
21.74,8
21.76,10
21.78,11.3333
21.8,8
21.82,10
21.84,11.3333
21.86,10
21.88,9.33333
21.9,8
21.92,9.33333
21.94,8.66667
21.96,8
21.98,8.66667
22,7.33333
22.02,6
22.04,7.33333
22.06,8.66667
22.08,7.33333
22.1,6
22.12,6
22.14,6.66667
22.16,9.33333
22.18,11.3333
22.2,9.33333
22.22,9.33333
22.24,6
22.26,8
22.28,8
22.3,9.33333
22.32,11.3333
22.34,10
22.36,9.33333
22.38,6
22.4,9.33333
22.42,7.33333
22.44,5.33333
22.46,8.66667
22.48,8.66667
22.5,8.66667
22.52,10
22.54,10
22.56,6.66667
22.58,10
22.6,11.3333
22.62,8.66667
22.64,8
22.66,8
22.68,13.3333
22.7,12.6667
22.72,12
22.74,16
22.76,16.6667
22.78,14
22.8,14
22.82,10.6667
22.84,16
22.86,22.6667
22.88,28
22.9,25.3333
22.92,33.3333
22.94,53.3333
22.96,54.6667
22.98,67.3333
23,84
23.02,97.3333
23.04,109.333
23.06,130
23.08,130
23.1,126.667
23.12,103.333
23.14,95.3333
23.16,85.3333
23.18,52.6667
23.2,40
23.22,32
23.24,21.3333
23.26,18
23.28,14
23.3,10.6667
23.32,11.3333
23.34,14.6667
23.36,16
23.38,13.3333
23.4,10.6667
23.42,11.3333
23.44,10.6667
23.46,10
23.48,10
23.5,10.6667
23.52,7.33333
23.54,12
23.56,8.66667
23.58,9.33333
23.6,12
23.62,11.3333
23.64,9.33333
23.66,8
23.68,12.6667
23.7,13.3333
23.72,8.66667
23.74,10.6667
23.76,10.6667
23.78,11.3333
23.8,10.6667
23.82,11.3333
23.84,10.6667
23.86,9.33333
23.88,6.66667
23.9,8.66667
23.92,8.66667
23.94,11.3333
23.96,11.3333
23.98,9.33333
24,6.66667
24.02,8.66667
24.04,10.6667
24.06,8.66667
24.08,9.33333
24.1,11.3333
24.12,12.6667
24.14,11.3333
24.16,9.33333
24.18,11.3333
24.2,13.3333
24.22,13.3333
24.24,17.3333
24.26,21.3333
24.28,24
24.3,27.3333
24.32,27.3333
24.34,33.3333
24.36,38.6667
24.38,43.3333
24.4,32
24.42,34.6667
24.44,40
24.46,39.3333
24.48,40
24.5,38.6667
24.52,39.3333
24.54,42.6667
24.56,47.3333
24.58,55.3333
24.6,55.3333
24.62,61.3333
24.64,52.6667
24.66,55.3333
24.68,53.3333
24.7,50
24.72,60.6667
24.74,66
24.76,94.6667
24.78,96
24.8,106
24.82,118.667
24.84,128
24.86,142.667
24.88,140
24.9,136
24.92,120
24.94,103.333
24.96,96.6667
24.98,76.6667
25,48
25.02,45.3333
25.04,24.6667
25.06,22.6667
25.08,26
25.1,22
25.12,23.3333
25.14,15.3333
25.16,14.6667
25.18,18
25.2,22.6667
25.22,13.3333
25.24,20
25.26,8
25.28,16
25.3,12.6667
25.32,14.6667
25.34,14
25.36,21.3333
25.38,20.6667
25.4,18.6667
25.42,23.3333
25.44,26.6667
25.46,34.6667
25.48,35.3333
25.5,41.3333
25.52,50
25.54,72.6667
25.56,84.6667
25.58,98
25.6,109.333
25.62,133.333
25.64,136.667
25.66,136
25.68,146
25.7,146
25.72,129.333
25.74,118.667
25.76,124
25.78,114.667
25.8,107.333
25.82,94
25.84,74
25.86,65.3333
25.88,70.6667
25.9,61.3333
25.92,73.3333
25.94,70.6667
25.96,91.3333
25.98,80.6667
26,101.333
26.02,112
26.04,116
26.06,110.667
26.08,120.667
26.1,95.3333
26.12,68.6667
26.14,56.6667
26.16,46.6667
26.18,37.3333
26.2,33.3333
26.22,23.3333
26.24,22.6667
26.26,18.6667
26.28,18.6667
26.3,16
26.32,18.6667
26.34,18.6667
26.36,14.6667
26.38,13.3333
26.4,14.6667
26.42,15.3333
26.44,13.3333
26.46,17.3333
26.48,18
26.5,16
26.52,15.3333
26.54,16
26.56,10.6667
26.58,12.6667
26.6,16.6667
26.62,16
26.64,15.3333
26.66,9.33333
26.68,10.6667
26.7,17.3333
26.72,16.6667
26.74,10.6667
26.76,18.6667
26.78,16
26.8,10
26.82,8
26.84,11.3333
26.86,16.6667
26.88,17.3333
26.9,18.6667
26.92,14
26.94,15.3333
26.96,14.6667
26.98,17.3333
27,12.6667
27.02,12.6667
27.04,20.6667
27.06,16.6667
27.08,17.3333
27.1,15.3333
27.12,12.6667
27.14,12.6667
27.16,16
27.18,13.3333
27.2,18.6667
27.22,12
27.24,14
27.26,20.6667
27.28,16
27.3,16
27.32,18
27.34,12.6667
27.36,16
27.38,16
27.4,21.3333
27.42,20
27.44,23.3333
27.46,26
27.48,28.6667
27.5,28
27.52,24
27.54,37.3333
27.56,33.3333
27.58,50.6667
27.6,51.3333
27.62,64
27.64,82.6667
27.66,107.333
27.68,118.667
27.7,161.333
27.72,221.333
27.74,247.333
27.76,336.667
27.78,391.333
27.8,458.667
27.82,518.667
27.84,576.667
27.86,578.667
27.88,598
27.9,528
27.92,513.333
27.94,386
27.96,318.667
27.98,252
28,194
28.02,150.667
28.04,92.6667
28.06,68
28.08,70
28.1,49.3333
28.12,40.6667
28.14,36
28.16,37.3333
28.18,36
28.2,39.3333
28.22,26.6667
28.24,34.6667
28.26,24.6667
28.28,20
28.3,22.6667
28.32,22.6667
28.34,22.6667
28.36,20
28.38,19.3333
28.4,16.6667
28.42,19.3333
28.44,18.6667
28.46,15.3333
28.48,20
28.5,16.6667
28.52,18.6667
28.54,23.3333
28.56,16.6667
28.58,9.33333
28.6,12.6667
28.62,13.3333
28.64,14.6667
28.66,18.6667
28.68,16
28.7,14.6667
28.72,16.6667
28.74,12
28.76,18
28.78,14.6667
28.8,16.6667
28.82,16.6667
28.84,14
28.86,11.3333
28.88,14.6667
28.9,11.3333
28.92,14.6667
28.94,17.3333
28.96,16.6667
28.98,9.33333
29,22
29.02,18
29.04,20
29.06,14.6667
29.08,19.3333
29.1,22
29.12,24
29.14,21.3333
29.16,27.3333
29.18,23.3333
29.2,22
29.22,19.3333
29.24,26
29.26,34.6667
29.28,40.6667
29.3,47.3333
29.32,62
29.34,70.6667
29.36,88.6667
29.38,117.333
29.4,164.667
29.42,221.333
29.44,249.333
29.46,300.667
29.48,362.667
29.5,407.333
29.52,400.667
29.54,409.333
29.56,405.333
29.58,349.333
29.6,274.667
29.62,222
29.64,162
29.66,120
29.68,83.3333
29.7,58
29.72,40.6667
29.74,41.3333
29.76,32.6667
29.78,25.3333
29.8,26.6667
29.82,28.6667
29.84,20
29.86,27.3333
29.88,20.6667
29.9,20
29.92,20.6667
29.94,18
29.96,16.6667
29.98,16
30,14.6667
30.02,17.3333
30.04,18.6667
30.06,14
30.08,10.6667
30.1,14.6667
30.12,14
30.14,18
30.16,17.3333
30.18,18.6667
30.2,22.6667
30.22,20.6667
30.24,19.3333
30.26,20.6667
30.28,14
30.3,22.6667
30.32,26
30.34,33.3333
30.36,31.3333
30.38,32
30.4,37.3333
30.42,44
30.44,60.6667
30.46,84.6667
30.48,91.3333
30.5,96.6667
30.52,127.333
30.54,139.333
30.56,129.333
30.58,142.667
30.6,138
30.62,127.333
30.64,117.333
30.66,96
30.68,80.6667
30.7,69.3333
30.72,50.6667
30.74,42.6667
30.76,30
30.78,28.6667
30.8,26
30.82,22.6667
30.84,22
30.86,18.6667
30.88,16
30.9,14
30.92,16.6667
30.94,16.6667
30.96,13.3333
30.98,19.3333
31,16
31.02,15.3333
31.04,15.3333
31.06,10
31.08,12.6667
31.1,14.6667
31.12,13.3333
31.14,20
31.16,20
31.18,14.6667
31.2,16.6667
31.22,18.6667
31.24,14.6667
31.26,14
31.28,19.3333
31.3,18
31.32,19.3333
31.34,23.3333
31.36,28
31.38,27.3333
31.4,28.6667
31.42,39.3333
31.44,45.3333
31.46,58
31.48,76
31.5,96
31.52,112.667
31.54,146.667
31.56,190
31.58,228
31.6,244
31.62,240.667
31.64,242
31.66,228
31.68,200.667
31.7,176.667
31.72,149.333
31.74,121.333
31.76,104.667
31.78,110
31.8,127.333
31.82,140
31.84,153.333
31.86,200.667
31.88,243.333
31.9,266
31.92,262
31.94,266
31.96,257.333
31.98,222.667
32,188.667
32.02,146
32.04,113.333
32.06,89.3333
32.08,68.6667
32.1,49.3333
32.12,34.6667
32.14,32.6667
32.16,24.6667
32.18,21.3333
32.2,24.6667
32.22,26
32.24,22.6667
32.26,24
32.28,20
32.3,18
32.32,20
32.34,19.3333
32.36,21.3333
32.38,27.3333
32.4,30
32.42,32
32.44,30.6667
32.46,37.3333
32.48,44
32.5,52.6667
32.52,50.6667
32.54,46
32.56,44
32.58,44
32.6,44
32.62,48
32.64,44
32.66,37.3333
32.68,30
32.7,24.6667
32.72,28
32.74,32.6667
32.76,37.3333
32.78,36.6667
32.8,44.6667
32.82,45.3333
32.84,50
32.86,60
32.88,79.3333
32.9,79.3333
32.92,91.3333
32.94,121.333
32.96,150.667
32.98,202.667
33,267.333
33.02,321.333
33.04,356.667
33.06,373.333
33.08,405.333
33.1,431.333
33.12,439.333
33.14,424
33.16,351.333
33.18,294
33.2,260.667
33.22,208
33.24,148
33.26,116
33.28,88
33.3,70
33.32,56
33.34,45.3333
33.36,38.6667
33.38,34
33.4,36.6667
33.42,33.3333
33.44,30
33.46,26.6667
33.48,26
33.5,26
33.52,34
33.54,36
33.56,31.3333
33.58,30.6667
33.6,29.3333
33.62,28
33.64,26.6667
33.66,24
33.68,22
33.7,26
33.72,25.3333
33.74,18.6667
33.76,17.3333
33.78,14
33.8,13.3333
33.82,15.3333
33.84,18.6667
33.86,16
33.88,14.6667
33.9,16
33.92,14
33.94,12.6667
33.96,12.6667
33.98,12
34,15.3333
34.02,16
34.04,15.3333
34.06,19.3333
34.08,16.6667
34.1,16.6667
34.12,22
34.14,22.6667
34.16,19.3333
34.18,18.6667
34.2,23.3333
34.22,26
34.24,23.3333
34.26,20
34.28,16.6667
34.3,16
34.32,18
34.34,14
34.36,15.3333
34.38,19.3333
34.4,16
34.42,16
34.44,24
34.46,28
34.48,27.3333
34.5,28
34.52,27.3333
34.54,26
34.56,30.6667
34.58,34
34.6,26.6667
34.62,24.6667
34.64,23.3333
34.66,20.6667
34.68,19.3333
34.7,19.3333
34.72,23.3333
34.74,21.3333
34.76,22.6667
34.78,27.3333
34.8,30
34.82,28.6667
34.84,26
34.86,22.6667
34.88,23.3333
34.9,22
34.92,17.3333
34.94,15.3333
34.96,12.6667
34.98,9.33333
35,10.6667
35.02,11.3333
35.04,11.3333
35.06,10.6667
35.08,8.66667
35.1,10.6667
35.12,11.3333
35.14,10.6667
35.16,9.33333
35.18,10.6667
35.2,12
35.22,10.6667
35.24,12
35.26,12.6667
35.28,12.6667
35.3,15.3333
35.32,16
35.34,12.6667
35.36,16.6667
35.38,24.6667
35.4,21.3333
35.42,17.3333
35.44,21.3333
35.46,26
35.48,23.3333
35.5,18.6667
35.52,20.6667
35.54,20
35.56,18.6667
35.58,19.3333
35.6,15.3333
35.62,9.33333
35.64,9.33333
35.66,10.6667
35.68,10
35.7,9.33333
35.72,8.66667
35.74,8.66667
35.76,10.6667
35.78,10.6667
35.8,9.33333
35.82,11.3333
35.84,12.6667
35.86,10.6667
35.88,10.6667
35.9,12.6667
35.92,11.3333
35.94,12
35.96,9.33333
35.98,10.6667
36,13.3333
36.02,11.3333
36.04,12
36.06,14
36.08,14.6667
36.1,16.6667
36.12,16
36.14,18.6667
36.16,20.6667
36.18,24
36.2,24.6667
36.22,32
36.24,36.6667
36.26,46
36.28,50
36.3,48.6667
36.32,62.6667
36.34,64.6667
36.36,60.6667
36.38,54
36.4,47.3333
36.42,48
36.44,43.3333
36.46,38
36.48,31.3333
36.5,28.6667
36.52,30
36.54,27.3333
36.56,29.3333
36.58,32
36.6,33.3333
36.62,33.3333
36.64,46
36.66,49.3333
36.68,46.6667
36.7,50
36.72,48.6667
36.74,58
36.76,70
36.78,83.3333
36.8,89.3333
36.82,107.333
36.84,110.667
36.86,106.667
36.88,97.3333
36.9,90.6667
36.92,85.3333
36.94,87.3333
36.96,82.6667
36.98,78.6667
37,76
37.02,71.3333
37.04,70
37.06,64
37.08,63.3333
37.1,60
37.12,56
37.14,42
37.16,32
37.18,30.6667
37.2,26.6667
37.22,24
37.24,16
37.26,21.3333
37.28,18
37.3,17.3333
37.32,16.6667
37.34,13.3333
37.36,15.3333
37.38,17.3333
37.4,18.6667
37.42,20
37.44,18
37.46,20
37.48,22
37.5,27.3333
37.52,30
37.54,36
37.56,38.6667
37.58,46.6667
37.6,46
37.62,54.6667
37.64,56.6667
37.66,61.3333
37.68,60.6667
37.7,62
37.72,52.6667
37.74,51.3333
37.76,36
37.78,37.3333
37.8,37.3333
37.82,34
37.84,26.6667
37.86,26
37.88,23.3333
37.9,18.6667
37.92,19.3333
37.94,15.3333
37.96,18.6667
37.98,19.3333
38,18.6667
38.02,20.6667
38.04,22
38.06,24
38.08,25.3333
38.1,24.6667
38.12,17.3333
38.14,20.6667
38.16,14
38.18,18.6667
38.2,13.3333
38.22,12.6667
38.24,12.6667
38.26,13.3333
38.28,14.6667
38.3,16
38.32,21.3333
38.34,20
38.36,18.6667
38.38,20
38.4,26
38.42,32.6667
38.44,29.3333
38.46,30
38.48,34
38.5,30
38.52,30
38.54,17.3333
38.56,21.3333
38.58,17.3333
38.6,17.3333
38.62,16
38.64,17.3333
38.66,14.6667
38.68,13.3333
38.7,12.6667
38.72,14
38.74,13.3333
38.76,18.6667
38.78,14.6667
38.8,16
38.82,12.6667
38.84,14.6667
38.86,24
38.88,20.6667
38.9,27.3333
38.92,30.6667
38.94,34.6667
38.96,26.6667
38.98,29.3333
39,34
39.02,26.6667
39.04,18
39.06,26.6667
39.08,28
39.1,14.6667
39.12,16.6667
39.14,10.6667
39.16,10
39.18,12
39.2,9.33333
39.22,10
39.24,16
39.26,10
39.28,10
39.3,10
39.32,10.6667
39.34,9.33333
39.36,7.33333
39.38,12.6667
39.4,10
39.42,12
39.44,15.3333
39.46,12
39.48,15.3333
39.5,18
39.52,17.3333
39.54,16
39.56,21.3333
39.58,21.3333
39.6,31.3333
39.62,34
39.64,34.6667
39.66,38.6667
39.68,42
39.7,44
39.72,52.6667
39.74,59.3333
39.76,62.6667
39.78,62
39.8,75.3333
39.82,63.3333
39.84,66.6667
39.86,47.3333
39.88,56.6667
39.9,49.3333
39.92,35.3333
39.94,30.6667
39.96,30
39.98,18
40,20
40.02,16.6667
40.04,11.3333
40.06,12.6667
40.08,13.3333
40.1,9.33333
40.12,8.66667
40.14,11.3333
40.16,9.33333
40.18,12.6667
40.2,8
40.22,11.3333
40.24,10.6667
40.26,4.66667
40.28,2
40.3,11.3333
40.32,10.6667
40.34,9.33333
40.36,6.66667
40.38,6
40.4,9.33333
40.42,9.33333
40.44,12.6667
40.46,12
40.48,10.6667
40.5,13.3333
40.52,10.6667
40.54,8
40.56,8.66667
40.58,6
40.6,10.6667
40.62,7.33333
40.64,6.66667
40.66,9.33333
40.68,12
40.7,6
40.72,6.66667
40.74,8
40.76,9.33333
40.78,10
40.8,10
40.82,12
40.84,8
40.86,8
40.88,4.66667
40.9,8
40.92,8.66667
40.94,8
40.96,8
40.98,11.3333
41,12.6667
41.02,10.6667
41.04,12
41.06,10.6667
41.08,10.6667
41.1,10
41.12,16
41.14,10.6667
41.16,12.6667
41.18,13.3333
41.2,18
41.22,17.3333
41.24,20
41.26,20
41.28,22.6667
41.3,23.3333
41.32,27.3333
41.34,27.3333
41.36,21.3333
41.38,27.3333
41.4,26
41.42,32
41.44,30.6667
41.46,33.3333
41.48,42.6667
41.5,41.3333
41.52,38.6667
41.54,36.6667
41.56,40.6667
41.58,38
41.6,45.3333
41.62,50
41.64,44
41.66,48
41.68,60
41.7,54
41.72,62.6667
41.74,76
41.76,89.3333
41.78,76
41.8,84.6667
41.82,101.333
41.84,85.3333
41.86,93.3333
41.88,82
41.9,91.3333
41.92,76.6667
41.94,52.6667
41.96,52
41.98,36.6667
42,33.3333
42.02,24
42.04,27.3333
42.06,18.6667
42.08,16.6667
42.1,18
42.12,12.6667
42.14,11.3333
42.16,16.6667
42.18,12.6667
42.2,8
42.22,12
42.24,8.66667
42.26,7.33333
42.28,10
42.3,12
42.32,10
42.34,8.66667
42.36,10
42.38,8.66667
42.4,6
42.42,9.33333
42.44,9.33333
42.46,9.33333
42.48,12.6667
42.5,12.6667
42.52,11.3333
42.54,11.3333
42.56,18
42.58,18
42.6,14.6667
42.62,19.3333
42.64,20.6667
42.66,17.3333
42.68,14.6667
42.7,13.3333
42.72,12.6667
42.74,12
42.76,16.6667
42.78,10
42.8,11.3333
42.82,6
42.84,10
42.86,14
42.88,9.33333
42.9,11.3333
42.92,10.6667
42.94,8.66667
42.96,10
42.98,10.6667
43,6
43.02,8.66667
43.04,10.6667
43.06,10
43.08,8.66667
43.1,7.33333
43.12,8
43.14,6.66667
43.16,8.66667
43.18,9.33333
43.2,10
43.22,9.33333
43.24,6.66667
43.26,6.66667
43.28,7.33333
43.3,8.66667
43.32,10.6667
43.34,12
43.36,8.66667
43.38,9.33333
43.4,12
43.42,10
43.44,14
43.46,12
43.48,12
43.5,14.6667
43.52,17.3333
43.54,21.3333
43.56,24.6667
43.58,24
43.6,28
43.62,27.3333
43.64,32
43.66,31.3333
43.68,34
43.7,43.3333
43.72,53.3333
43.74,64.6667
43.76,69.3333
43.78,72
43.8,74.6667
43.82,69.3333
43.84,75.3333
43.86,81.3333
43.88,76.6667
43.9,72.6667
43.92,76
43.94,60
43.96,56.6667
43.98,48
44,32
44.02,39.3333
44.04,35.3333
44.06,33.3333
44.08,27.3333
44.1,20
44.12,15.3333
44.14,11.3333
44.16,13.3333
44.18,14
44.2,12.6667
44.22,13.3333
44.24,10.6667
44.26,8.66667
44.28,12.6667
44.3,14.6667
44.32,16.6667
44.34,15.3333
44.36,17.3333
44.38,19.3333
44.4,19.3333
44.42,22.6667
44.44,21.3333
44.46,16
44.48,14.6667
44.5,15.3333
44.52,14.6667
44.54,16
44.56,14.6667
44.58,14
44.6,14
44.62,13.3333
44.64,12
44.66,10
44.68,11.3333
44.7,10.6667
44.72,8.66667
44.74,10
44.76,9.33333
44.78,9.33333
44.8,12
44.82,10
44.84,7.33333
44.86,8.66667
44.88,8.66667
44.9,6.66667
44.92,8.66667
44.94,9.33333
44.96,10.6667
44.98,11.3333
45,10
45.02,8.66667
45.04,8.66667
45.06,8.66667
45.08,10
45.1,9.33333
45.12,11.3333
45.14,15.3333
45.16,16.6667
45.18,16
45.2,17.3333
45.22,20
45.24,24
45.26,28.6667
45.28,35.3333
45.3,47.3333
45.32,58.6667
45.34,74
45.36,91.3333
45.38,104.667
45.4,107.333
45.42,101.333
45.44,104
45.46,104
45.48,97.3333
45.5,95.3333
45.52,109.333
45.54,128.667
45.56,140
45.58,158
45.6,160.667
45.62,151.333
45.64,161.333
45.66,159.333
45.68,146
45.7,138
45.72,124.667
45.74,116.667
45.76,108.667
45.78,97.3333
45.8,76
45.82,54.6667
45.84,53.3333
45.86,48
45.88,35.3333
45.9,40.6667
45.92,38.6667
45.94,37.3333
45.96,44.6667
45.98,43.3333
46,36.6667
46.02,31.3333
46.04,34
46.06,30
46.08,29.3333
46.1,27.3333
46.12,24
46.14,18.6667
46.16,19.3333
46.18,20
46.2,14.6667
46.22,12
46.24,13.3333
46.26,14
46.28,16
46.3,12.6667
46.32,12
46.34,12.6667
46.36,12
46.38,10.6667
46.4,9.33333
46.42,10
46.44,14
46.46,14
46.48,10
46.5,16
46.52,13.3333
46.54,9.33333
46.56,9.33333
46.58,14
46.6,15.3333
46.62,18
46.64,24.6667
46.66,18.6667
46.68,22
46.7,22
46.72,17.3333
46.74,14
46.76,15.3333
46.78,16
46.8,16.6667
46.82,19.3333
46.84,14
46.86,10
46.88,9.33333
46.9,14
46.92,12
46.94,8.66667
46.96,6.66667
46.98,8.66667
47,14
47.02,10.6667
47.04,8.66667
47.06,8.66667
47.08,12
47.1,11.3333
47.12,10
47.14,8
47.16,8.66667
47.18,12
47.2,9.33333
47.22,10.6667
47.24,9.33333
47.26,9.33333
47.28,6.66667
47.3,6.66667
47.32,9.33333
47.34,13.3333
47.36,10.6667
47.38,12
47.4,10.6667
47.42,12
47.44,11.3333
47.46,12
47.48,13.3333
47.5,14.6667
47.52,17.3333
47.54,13.3333
47.56,14
47.58,20.6667
47.6,20.6667
47.62,22
47.64,21.3333
47.66,14.6667
47.68,22
47.7,26.6667
47.72,22.6667
47.74,28
47.76,29.3333
47.78,29.3333
47.8,26.6667
47.82,28.6667
47.84,21.3333
47.86,23.3333
47.88,18.6667
47.9,20
47.92,20.6667
47.94,20.6667
47.96,15.3333
47.98,17.3333
48,16.6667
48.02,19.3333
48.04,9.33333
48.06,12.6667
48.08,10.6667
48.1,10.6667
48.12,12
48.14,10.6667
48.16,15.3333
48.18,16.6667
48.2,16
48.22,18
48.24,22.6667
48.26,30.6667
48.28,30
48.3,36.6667
48.32,43.3333
48.34,52.6667
48.36,52.6667
48.38,64
48.4,74.6667
48.42,68
48.44,58
48.46,51.3333
48.48,50
48.5,38
48.52,49.3333
48.54,42.6667
48.56,33.3333
48.58,24
48.6,21.3333
48.62,30
48.64,26.6667
48.66,19.3333
48.68,13.3333
48.7,15.3333
48.72,14.6667
48.74,23.3333
48.76,33.3333
48.78,42
48.8,50
48.82,50
48.84,61.3333
48.86,71.3333
48.88,62.6667
48.9,54
48.92,46
48.94,51.3333
48.96,42
48.98,42
49,32.6667
49.02,31.3333
49.04,34.6667
49.06,34
49.08,32.6667
49.1,34.6667
49.12,31.3333
49.14,29.3333
49.16,42
49.18,41.3333
49.2,47.3333
49.22,36.6667
49.24,48
49.26,46.6667
49.28,37.3333
49.3,38.6667
49.32,44
49.34,36.6667
49.36,37.3333
49.38,30.6667
49.4,28.6667
49.42,26.6667
49.44,22.6667
49.46,18
49.48,20
49.5,15.3333
49.52,19.3333
49.54,15.3333
49.56,18
49.58,12
49.6,20
49.62,13.3333
49.64,16.6667
49.66,20
49.68,18.6667
49.7,16.6667
49.72,18.6667
49.74,16.6667
49.76,19.3333
49.78,20.6667
49.8,22
49.82,19.3333
49.84,21.3333
49.86,24
49.88,29.3333
49.9,20.6667
49.92,20.6667
49.94,28
49.96,21.3333
49.98,22
50,18.6667
50.02,20.6667
50.04,20
50.06,18.6667
50.08,19.3333
50.1,17.3333
50.12,18.6667
50.14,17.3333
50.16,16.6667
50.18,15.3333
50.2,13.3333
50.22,16.6667
50.24,20
50.26,27.3333
50.28,21.3333
50.3,24.6667
50.32,36
50.34,41.3333
50.36,42
50.38,39.3333
50.4,35.3333
50.42,49.3333
50.44,44.6667
50.46,42.6667
50.48,38
50.5,40.6667
50.52,40
50.54,41.3333
50.56,38.6667
50.58,42
50.6,39.3333
50.62,40
50.64,43.3333
50.66,42.6667
50.68,42.6667
50.7,39.3333
50.72,33.3333
50.74,40.6667
50.76,33.3333
50.78,33.3333
50.8,29.3333
50.82,26
50.84,25.3333
50.86,26
50.88,26.6667
50.9,23.3333
50.92,22
50.94,16
50.96,16.6667
50.98,22
51,22.6667
51.02,24.6667
51.04,26
51.06,24
51.08,26.6667
51.1,26.6667
51.12,18.6667
51.14,20
51.16,20.6667
51.18,17.3333
51.2,20
51.22,14.6667
51.24,11.3333
51.26,11.3333
51.28,16.6667
51.3,21.3333
51.32,17.3333
51.34,13.3333
51.36,14.6667
51.38,17.3333
51.4,14.6667
51.42,14
51.44,10
51.46,12.6667
51.48,12
51.5,12.6667
51.52,14.6667
51.54,19.3333
51.56,16
51.58,14.6667
51.6,14
51.62,15.3333
51.64,13.3333
51.66,12.6667
51.68,17.3333
51.7,13.3333
51.72,9.33333
51.74,11.3333
51.76,13.3333
51.78,7.33333
51.8,8
51.82,10.6667
51.84,14.6667
51.86,14.6667
51.88,12
51.9,16
51.92,14
51.94,14.6667
51.96,20.6667
51.98,21.3333
52,25.3333
52.02,28.6667
52.04,34
52.06,42
52.08,48
52.1,60.6667
52.12,62
52.14,65.3333
52.16,67.3333
52.18,60
52.2,56.6667
52.22,57.3333
52.24,54.6667
52.26,52
52.28,46
52.3,39.3333
52.32,39.3333
52.34,46
52.36,48
52.38,48
52.4,52
52.42,54.6667
52.44,68
52.46,90.6667
52.48,104.667
52.5,127.333
52.52,146
52.54,150.667
52.56,178
52.58,204.667
52.6,219.333
52.62,230
52.64,232
52.66,223.333
52.68,218.667
52.7,213.333
52.72,204
52.74,185.333
52.76,158
52.78,149.333
52.8,148.667
52.82,134
52.84,117.333
52.86,104
52.88,83.3333
52.9,72.6667
52.92,66
52.94,50.6667
52.96,47.3333
52.98,46.6667
53,41.3333
53.02,42.6667
53.04,39.3333
53.06,38.6667
53.08,38
53.1,32.6667
53.12,30.6667
53.14,39.3333
53.16,50
53.18,50
53.2,54.6667
53.22,56
53.24,50
53.26,54.6667
53.28,57.3333
53.3,50
53.32,49.3333
53.34,48.6667
53.36,42
53.38,33.3333
53.4,39.3333
53.42,39.3333
53.44,37.3333
53.46,38
53.48,32
53.5,33.3333
53.52,34
53.54,28.6667
53.56,24.6667
53.58,22.6667
53.6,23.3333
53.62,26.6667
53.64,27.3333
53.66,22
53.68,24
53.7,24.6667
53.72,18
53.74,19.3333
53.76,22
53.78,23.3333
53.8,22.6667
53.82,24.6667
53.84,23.3333
53.86,28
53.88,31.3333
53.9,38.6667
53.92,40
53.94,46
53.96,47.3333
53.98,42
54,48.6667
54.02,57.3333
54.04,58.6667
54.06,58.6667
54.08,52.6667
54.1,57.3333
54.12,64.6667
54.14,74
54.16,82
54.18,102
54.2,111.333
54.22,122
54.24,122
54.26,128.667
54.28,140.667
54.3,129.333
54.32,122.667
54.34,124
54.36,122.667
54.38,116.667
54.4,108
54.42,90.6667
54.44,95.3333
54.46,72
54.48,53.3333
54.5,53.3333
54.52,50
54.54,40
54.56,39.3333
54.58,28.6667
54.6,25.3333
54.62,23.3333
54.64,16.6667
54.66,16.6667
54.68,16.6667
54.7,20.6667
54.72,16
54.74,16.6667
54.76,12.6667
54.78,14
54.8,16.6667
54.82,17.3333
54.84,16.6667
54.86,17.3333
54.88,18.6667
54.9,13.3333
54.92,14
54.94,17.3333
54.96,16
54.98,16
55,14
55.02,13.3333
55.04,18
55.06,14.6667
55.08,13.3333
55.1,15.3333
55.12,14
55.14,14.6667
55.16,13.3333
55.18,14
55.2,14.6667
55.22,9.33333
55.24,15.3333
55.26,15.3333
55.28,16.6667
55.3,16.6667
55.32,16
55.34,15.3333
55.36,17.3333
55.38,16
55.4,16
55.42,12.6667
55.44,14.6667
55.46,16
55.48,15.3333
55.5,14
55.52,17.3333
55.54,20
55.56,20
55.58,18.6667
55.6,22
55.62,29.3333
55.64,22
55.66,32.6667
55.68,34.6667
55.7,40
55.72,45.3333
55.74,45.3333
55.76,53.3333
55.78,67.3333
55.8,60
55.82,82
55.84,84
55.86,87.3333
55.88,116.667
55.9,120.667
55.92,117.333
55.94,130.667
55.96,124
55.98,103.333
56,104
56.02,89.3333
56.04,90
56.06,80
56.08,69.3333
56.1,64.6667
56.12,62.6667
56.14,50.6667
56.16,41.3333
56.18,33.3333
56.2,34
56.22,24
56.24,28.6667
56.26,18.6667
56.28,28.6667
56.3,28
56.32,19.3333
56.34,22
56.36,27.3333
56.38,20.6667
56.4,27.3333
56.42,39.3333
56.44,38.6667
56.46,47.3333
56.48,42
56.5,58
56.52,49.3333
56.54,50
56.56,44.6667
56.58,51.3333
56.6,42
56.62,44
56.64,54.6667
56.66,44
56.68,47.3333
56.7,47.3333
56.72,39.3333
56.74,42.6667
56.76,38
56.78,36.6667
56.8,42.6667
56.82,32.6667
56.84,32
56.86,36
56.88,41.3333
56.9,34.6667
56.92,43.3333
56.94,42
56.96,38
56.98,43.3333
57,32.6667
57.02,36.6667
57.04,30.6667
57.06,34.6667
57.08,45.3333
57.1,32
57.12,36
57.14,34.6667
57.16,32
57.18,24.6667
57.2,29.3333
57.22,22
57.24,24.6667
57.26,30
57.28,31.3333
57.3,38
57.32,29.3333
57.34,40.6667
57.36,43.3333
57.38,36
57.4,29.3333
57.42,42.6667
57.44,40
57.46,38.6667
57.48,34.6667
57.5,36.6667
57.52,28.6667
57.54,33.3333
57.56,25.3333
57.58,26
57.6,22
57.62,20
57.64,18
57.66,18
57.68,18.6667
57.7,19.3333
57.72,13.3333
57.74,13.3333
57.76,18.6667
57.78,10.6667
57.8,12
57.82,8
57.84,10.6667
57.86,10.6667
57.88,8
57.9,10
57.92,12.6667
57.94,13.3333
57.96,9.33333
57.98,11.3333
58,12.6667
58.02,11.3333
58.04,10.6667
58.06,13.3333
58.08,16
58.1,12.6667
58.12,12.6667
58.14,10.6667
58.16,7.33333
58.18,10
58.2,8.66667
58.22,9.33333
58.24,10.6667
58.26,10.6667
58.28,12
58.3,14
58.32,13.3333
58.34,10
58.36,16
58.38,11.3333
58.4,10.6667
58.42,10.6667
58.44,12
58.46,8.66667
58.48,9.33333
58.5,14
58.52,9.33333
58.54,8.66667
58.56,11.3333
58.58,11.3333
58.6,9.33333
58.62,10.6667
58.64,9.33333
58.66,10
58.68,17.3333
58.7,12.6667
58.72,11.3333
58.74,12
58.76,8
58.78,8.66667
58.8,22.6667
58.82,17.3333
58.84,10.6667
58.86,12
58.88,19.3333
58.9,22
58.92,30.6667
58.94,36.6667
58.96,31.3333
58.98,24.6667
59,42.6667
59.02,36.6667
59.04,30.6667
59.06,34
59.08,44.6667
59.1,26.6667
59.12,34.6667
59.14,35.3333
59.16,26.6667
59.18,35.3333
59.2,26
59.22,28
59.24,23.3333
59.26,24.6667
59.28,26
59.3,30.6667
59.32,20
59.34,22.6667
59.36,18
59.38,17.3333
59.4,22.6667
59.42,17.3333
59.44,22.6667
59.46,14
59.48,15.3333
59.5,20.6667
59.52,6
59.54,12
59.56,11.3333
59.58,14.6667
59.6,12
59.62,12
59.64,12.6667
59.66,16
59.68,7.33333
59.7,12.6667
59.72,11.3333
59.74,8
59.76,7.33333
59.78,10
59.8,10
59.82,10.6667
59.84,13.3333
59.86,17.3333
59.88,12.6667
59.9,9.33333
59.92,10.6667
59.94,13.3333
59.96,13.3333
59.98,10
60,10

